idx,dist_1,dist_2,dist_3,delay_1,delay_2,delay_3,delay_12,delay_13,delay_23
6685,1.7009546902576065,0.8170771052724066,1.0039139229984138,7,3,4,4,3,-1
8067,1.033631054153551,0.4410630531016815,1.0841383869401977,4,2,5,2,-1,-3
6630,1.842431132845054,0.7542286651736559,1.2820262389788235,8,3,5,5,3,-2
9436,0.5041724955194238,1.189880012800228,0.9638423124845006,2,5,4,-3,-2,1
9068,1.0419219787738443,1.7162198716928057,0.7407204284258891,4,7,3,-3,1,4
6794,1.4885606745217108,1.2175544380013332,0.33596335621821033,6,5,1,1,5,4
9534,0.8461244177274456,0.6594173154634987,1.679210762779248,4,3,7,1,-3,-4
7303,1.3189421385539346,1.016796956849176,0.4751667118054384,6,4,2,2,4,2
7666,1.1822530840703074,0.4999007293284317,0.9827668310540186,5,2,4,3,1,-2
7390,1.3621062550370082,1.289998783075287,0.19266785900477676,6,6,1,0,5,5
9511,0.4552818791734712,1.2046787579925775,1.012888689605306,2,5,4,-3,-2,1
7713,1.4009090853151822,1.6546813126164457,0.27873977049195064,6,7,1,-1,5,6
8416,0.905251042277868,0.6573163445142851,0.924561092412952,4,3,4,1,0,-1
7267,1.3315704499122911,0.6694496223341344,0.8454523297596476,6,3,4,3,2,-1
6932,1.458125970170731,1.3346350033406509,0.17438652305692615,6,6,1,0,5,5
7095,1.3871876029115056,1.2011992916620573,0.2942151912730941,6,5,1,1,5,4
9491,0.4444933148025721,0.9095753320736863,1.2036058036128032,2,4,5,-2,-3,-1
8018,1.0744580654006362,0.3602165157917321,1.157533780146947,5,2,5,3,0,-3
7608,1.21218440978583,0.5281617789660811,0.956133814940596,5,2,4,3,1,-2
7289,1.3277671402122946,0.6571332378746321,0.8564859209344162,6,3,4,3,2,-1
9434,0.6662373459826871,0.6730211836376834,1.4239029879590244,3,3,6,0,-3,-3
7879,1.0319115069876623,0.9591397262431096,0.5801152346989707,4,4,2,0,2,2
9374,0.7013738208568633,0.6290390278478774,1.3913528257650654,3,3,6,0,-3,-3
8159,0.9463640319314114,0.8733606404107347,0.6979717847627479,4,4,3,0,1,1
7293,1.3119142556976169,0.7931808685049508,0.7098923001022572,6,3,3,3,3,0
8922,0.6905411818646205,1.0200530521259803,0.8174794343634144,3,4,3,-1,0,1
9158,0.7910799421379876,0.5429295450233684,1.411138557907964,3,2,6,1,-3,-4
7659,1.1654625406476002,1.0370975198110803,0.4591315442832425,5,4,2,1,3,2
7151,1.3471963048461328,1.0376681946163413,0.4610941784832355,6,4,2,2,4,2
7249,1.3337466397364368,1.0319573695197288,0.4629802773256129,6,4,2,2,4,2
8591,1.1884412095899688,1.6779303021197611,0.5321299950749323,5,7,2,-2,3,5
7000,1.367386809566418,1.0535597747855472,0.4512100414380198,6,5,2,1,4,3
7290,1.5315734109719266,1.6218031229886651,0.1423020928115923,7,7,1,0,6,6
7696,1.1990770441568412,1.225767929088942,0.3028737968347273,5,5,1,0,4,4
7524,1.3051812494172923,1.2969466760150987,0.19980429929194096,6,6,1,0,5,5
7775,1.1019114739326372,1.0243443275873014,0.4940752451386148,5,4,2,1,3,2
9270,0.9521325606792536,1.662568823461689,0.7781145616176555,4,7,3,-3,1,4
8743,0.7870759860623632,0.7008397673153481,0.9808432692975748,3,3,4,0,-1,-1
8870,0.7090327902068283,0.9901223931849862,0.8143272835281732,3,4,3,-1,0,1
9630,0.447365798271105,0.8769876332775458,1.3649769165781158,2,4,6,-2,-4,-2
7441,1.4819621142012414,1.6294732398037042,0.17664053420502132,6,7,1,-1,5,6
6739,1.5624184678084332,1.0396087873337772,0.60447584947058,7,4,3,3,4,1
6891,1.4069319844374912,0.7469272549207666,0.8034481148467026,6,3,3,3,3,0
9008,0.6423313838300818,1.0083346948259673,0.8704558579416544,3,4,4,-1,-1,0
8045,1.0952012887234974,1.3272593146931848,0.3751032112174711,5,6,2,-1,3,4
7116,1.3795301050850814,1.1792846006918098,0.3160280945531321,6,5,1,1,5,4
7802,1.0789269752145034,1.0172534827198114,0.5106949813241286,5,4,2,1,3,2
7724,1.1320583453808422,1.0301463365100916,0.4765741152958564,5,4,2,1,3,2
8989,0.8112839767400594,0.5113788810012606,1.3271397130082978,3,2,6,1,-3,-4
8923,0.6859580289394009,0.9975081167476166,0.8327705054918977,3,4,4,-1,-1,0
6976,1.3977998206211404,1.1800975046171838,0.3224129428814317,6,5,1,1,5,4
8394,0.9168286600328254,0.6311118582038282,0.9441492639214036,4,3,4,1,0,-1
7549,1.3093574223809044,1.3307227855097006,0.17652105911263394,6,6,1,0,5,5
7617,1.237478846068414,0.4131440883212274,1.0730412879511375,5,2,5,3,0,-3
8102,0.9720081666939346,0.6252721579849013,0.9149297741861802,4,3,4,1,0,-1
7111,1.3942526335274203,1.2338423381596746,0.2599792798487647,6,5,1,1,5,4
9459,0.4873530144103759,1.19447243379311,0.9806715135090962,2,5,4,-3,-2,1
7326,1.3032135846805488,0.8777255378359388,0.6185236591254011,6,4,3,2,3,1
7992,1.0667630304973967,0.3805228131249924,1.1372141134646614,5,2,5,3,0,-3
9192,0.5811821670070241,0.8272496217052061,1.0870213353876923,2,4,5,-2,-3,-1
6948,1.4090671038128977,1.1851795771431186,0.3218655259332347,6,5,1,1,5,4
9213,0.7893529079656152,0.5476232606726922,1.4214337407491844,3,2,6,1,-3,-4
8815,0.7506669858968393,1.0466077981818744,0.7488643070652972,3,4,3,-1,0,1
6807,1.4460824258092235,0.7702730591696642,0.8041708814747951,6,3,3,3,3,0
7153,1.4126264255979517,1.307736502252842,0.18263179378752628,6,6,1,0,5,5
9584,0.8309251496817579,0.7095353236667423,1.7141198191162226,4,3,7,1,-3,-4
6624,1.8841259515487896,0.7398584198166551,1.3743398358536778,8,3,6,5,2,-3
7624,1.2353935029724668,0.41251004539823977,1.0733513191099004,5,2,5,3,0,-3
8311,0.9695056138816508,0.5124179172428979,1.0414112802789437,4,2,4,2,0,-2
7694,1.4059906383730638,1.6517741804366386,0.2701333609794845,6,7,1,-1,5,6
7146,1.4006827167755298,1.2682151136696374,0.22336330673220728,6,5,1,1,5,4
7177,1.3912570273774227,1.2470644204502783,0.2440285735317398,6,5,1,1,5,4
7776,1.1335532963720325,0.4627518187037302,1.024188473394067,5,2,4,3,1,-2
7710,1.1398665914546662,1.0317486601594736,0.4722829632913604,5,4,2,1,3,2
8134,1.0631941324600154,0.34091232763394924,1.190449919023861,5,1,5,4,0,-4
6684,1.7036946162813331,0.8166810335931229,1.0077948882087622,7,3,4,4,3,-1
8620,0.8699668342421171,1.156998972322583,0.6043803113183823,4,5,3,-1,1,2
8719,0.7944218138812993,0.6988261632579303,0.9756328313437009,3,3,4,0,-1,-1
7301,1.3251829459900684,0.6517631739322699,0.8609184719053732,6,3,4,3,2,-1
8931,0.6957316335173686,1.0551867981800056,0.7980520316509343,3,5,3,-2,0,2
7097,1.3772510624152343,1.1616898981303632,0.3348769611755525,6,5,1,1,5,4
9271,0.5656165941921765,0.8323899616470533,1.104058439697862,2,4,5,-2,-3,-1
9147,0.5846817257388051,0.8381401186388349,1.068149746384609,2,4,5,-2,-3,-1
9393,0.6925774413187586,0.6398806454405217,1.3999886153025027,3,3,6,0,-3,-3
8077,1.1748452267497749,0.15773405001098445,1.3727526569325659,5,1,6,4,-1,-5
9355,0.707710891720734,0.6222202981280848,1.3893138225435908,3,3,6,0,-3,-3
9083,0.9209596856792012,0.4625999823785609,1.5307158780608012,4,2,7,2,-3,-5
9244,0.5613137270657621,1.0173929711366956,0.9493323031673908,2,4,4,-2,-2,0
8465,1.1407659792086045,1.5481000324351166,0.4474669435471061,5,7,2,-2,3,5
9232,0.9376482136266232,1.6367812514121076,0.7657317908584276,4,7,3,-3,1,4
6874,1.413883460390687,0.7676254697952498,0.7857961170480935,6,3,3,3,3,0
8777,0.8069716325840827,1.1540937130252409,0.6653472926201431,3,5,3,-2,0,2
9181,1.0148306586869056,1.7186262432253778,0.7739824534739987,4,7,3,-3,1,4
8839,0.8685806558807689,0.456929900946895,1.2966735190003102,4,2,6,2,-2,-4
6811,1.4448722576403201,0.7706617020982174,0.8029132290823391,6,3,3,3,3,0
9648,0.3707206528755047,0.96227865958362,1.2761085771480516,2,4,5,-2,-3,-1
9672,0.3342854909266804,1.1099809940460266,1.1577699313064926,1,5,5,-4,-4,0
9506,0.4597152680103807,1.2032545703427258,1.008425441066631,2,5,4,-3,-2,1
7421,1.2810462666547373,0.5954324252443987,0.902544482863988,5,3,4,2,1,-1
7915,1.0746714804904516,0.4190280179132929,1.088305801359092,5,2,5,3,0,-3
8501,0.8642304131250879,0.8563310143126902,0.7688364439353735,4,4,3,0,1,1
7505,1.2964492265166414,1.2614761645715515,0.2299439656622141,6,5,1,1,5,4
7025,1.3680634178574933,1.0769151209384171,0.4256740960709215,6,5,2,1,4,3
8466,0.8863519907102587,0.9587908844548548,0.6773026258913661,4,4,3,0,1,1
9410,0.5334102045571396,1.1825324823048224,0.934667640160622,2,5,4,-3,-2,1
8217,1.0306018649919635,0.3919164816232695,1.147359789058653,4,2,5,2,-1,-3
6917,1.5387504133437635,1.5208353254550948,0.07103581748147286,7,6,0,1,7,6
7233,1.4007305655302005,1.3010577658522358,0.18636799468164267,6,6,1,0,5,5
9592,0.8284610781355866,0.7107952084351976,1.7129394623384762,4,3,7,1,-3,-4
6763,1.5251504147909556,1.2219995324355892,0.3622797916311414,7,5,2,2,5,3
8813,1.1031466222303803,1.6688974808278116,0.6162513459756581,5,7,3,-2,2,4
8243,1.0380213086272678,0.3697553049994522,1.1713486571676952,4,2,5,2,-1,-3
7886,1.3284243537722724,1.6634244407247878,0.3631318435845372,6,7,2,-1,4,5
8039,1.0587950306622098,0.3842385324858966,1.1374664330691435,5,2,5,3,0,-3
7190,1.3422011877577382,1.0322136923523364,0.4653529490159943,6,4,2,2,4,2
7847,1.11549380557871,1.2178511307734932,0.3679922293813912,5,5,2,0,3,3
6953,1.5606777693365381,1.5949496646667258,0.11594182067103033,7,7,0,0,7,7
6843,1.5258895418364382,1.413627744749138,0.1415106351856668,7,6,1,1,6,5
9623,0.5679567271028881,0.7932403415014939,1.480545786704002,2,3,6,-1,-4,-3
7642,1.2256447281113816,0.4108564312233951,1.0737119234497314,5,2,5,3,0,-3
9662,0.3654587664926671,1.1981284879941332,1.1027237938874888,2,5,5,-3,-3,0
6905,1.395370190782517,0.7570085886073133,0.7860174120399749,6,3,3,3,3,0
8676,0.8135413733142539,1.0536271080165351,0.687979191260536,3,5,3,-2,0,2
8822,0.7809364800549098,1.154638350737904,0.6905819291056523,3,5,3,-2,0,2
8317,1.0306023803675557,0.3614618000963707,1.1900019751379454,4,2,5,2,-1,-3
7342,1.3007190141311378,0.9000183579795135,0.5943625977566597,6,4,3,2,3,1
7142,1.396779713266564,1.2523671024493446,0.23993329522941906,6,5,1,1,5,4
7409,1.344926987256683,1.2796719709245046,0.2034887654383006,6,5,1,1,5,4
6850,1.4574113287333958,1.2035022342332762,0.3291685393341198,6,5,1,1,5,4
9114,0.6032933919625021,0.7978752152642149,1.0934721909229663,3,3,5,0,-2,-2
6937,1.3818793792471304,0.7333177040432587,0.8034207211857467,6,3,3,3,3,0
8885,0.7481127332912662,1.1532821508824984,0.7228849572035461,3,5,3,-2,0,2
7871,1.1873194358648145,0.20830895233037086,1.2847139780143604,5,1,5,4,0,-4
7187,1.3892354838866208,1.2435928791371584,0.24726793404547706,6,5,1,1,5,4
9448,0.6581689003931704,0.6851000814753201,1.4359215450591198,3,3,6,0,-3,-3
7216,1.3999000614913353,1.289917542534352,0.19860822414772664,6,6,1,0,5,5
9437,0.6640188290345905,0.6763815941385577,1.427454633782704,3,3,6,0,-3,-3
8447,0.946569970562457,1.164652903022251,0.5311713912257218,4,5,2,-1,2,3
8880,0.8465847145317363,0.4783147922804344,1.2973558466254678,4,2,6,2,-2,-4
6752,1.537231765913759,1.135942652914814,0.4721186185125089,7,5,2,2,5,3
6911,1.391071590545664,0.7540358490440561,0.7867170608467925,6,3,3,3,3,0
7100,1.3543908939571707,1.04375048463459,0.4569935147639878,6,4,2,2,4,2
8503,0.9274590316617016,1.1631261083761888,0.5491377472101435,4,5,2,-1,2,3
7708,1.1803145078335664,0.4389064417545154,1.0438571676271238,5,2,4,3,1,-2
7061,1.359405812987137,1.049228697658673,0.4528500440485309,6,4,2,2,4,2
8357,0.971641700182087,1.1680012812772098,0.5075325162942215,4,5,2,-1,2,3
9179,0.5830780585793099,0.8268595613203954,1.0846966065473034,2,4,5,-2,-3,-1
7527,1.304962645173661,1.298991241414387,0.19848103536905806,6,6,1,0,5,5
7129,1.379264923436496,1.1822180340018722,0.3126531655467848,6,5,1,1,5,4
8510,0.8705453806205505,0.9584364200662604,0.6899455990571379,4,4,3,0,1,1
9027,0.6334267158461383,1.0110050371452584,0.8780978114103367,3,4,4,-1,-1,0
9066,0.8494633702076612,1.4735294653505382,0.7142012167271434,4,6,3,-2,1,3
7014,1.3704488288281915,1.0846322870012848,0.4180712578248579,6,5,2,1,4,3
7493,1.3011756404205277,1.2694216713377544,0.2220205648934891,6,5,1,1,5,4
8688,1.0279431737384226,0.29959184658846605,1.4185551759868829,4,1,6,3,-2,-5
7158,1.3858807487293765,1.221829760583245,0.270568516397259,6,5,1,1,5,4
6860,1.528557846876451,1.437166576085858,0.11892279790671413,7,6,1,1,6,5
7453,1.3776071165690689,0.2779075726294461,1.2579554087161815,6,1,5,5,1,-4
8595,0.953466788213706,0.39587718701678143,1.2348460220869186,4,2,5,2,-1,-3
6849,1.4587426053828982,1.2048916541619992,0.3284650474900783,6,5,1,1,5,4
6857,1.4989752728834598,1.354500725563211,0.18303849529621796,6,6,1,0,5,5
7215,1.4009711548581232,1.2931471159761851,0.19530471181419246,6,6,1,0,5,5
9099,0.6126766785848975,0.7850520923893407,1.097252042776909,3,3,5,0,-2,-2
9227,0.5585197507631385,0.9413333120064008,1.000601376564958,2,4,4,-2,-2,0
7185,1.4058714498859528,1.2962555981110937,0.1933556262859331,6,6,1,0,5,5
9195,0.5668344473216969,0.8935346763410358,1.0319035298117678,2,4,4,-2,-2,0
7845,1.1108120858021682,1.1990964790934038,0.37887627956576975,5,5,2,0,3,3
9164,0.5832672921904523,0.8327847794469466,1.0767985989919568,2,4,5,-2,-3,-1
7638,1.228770849220778,0.411735202092698,1.073217937442878,5,2,5,3,0,-3
7335,1.3096035539520663,0.9937877834846351,0.4973711080251254,6,4,2,2,4,2
9541,0.4316583312527553,1.2117192526612606,1.0366901793690124,2,5,4,-3,-2,1
9169,0.5766805774017933,0.8570341381860548,1.0571133102698225,2,4,5,-2,-3,-1
8925,0.8413042259186941,0.4816711391788909,1.3194200829631109,4,2,6,2,-2,-4
7145,1.3829910925152666,1.204143255628087,0.2894096303798102,6,5,1,1,5,4
7501,1.2357287520707685,1.019767112485126,0.4631440791000916,5,4,2,1,3,2
7620,1.2368040929354247,0.41176979772005146,1.0742871619553536,5,2,5,3,0,-3
8068,1.0364537851703544,0.43349091364585735,1.0914373026758937,4,2,5,2,-1,-3
9576,0.8359698518589818,0.6973997742790804,1.7072180107125972,4,3,7,1,-3,-4
8557,0.8530597193543319,0.9620439872619916,0.7017579049069254,4,4,3,0,1,1
6668,1.719407702560951,0.8040415485049764,1.0422327476454534,7,3,4,4,3,-1
7709,1.192471198985616,1.224266364897843,0.3079523596855997,5,5,1,0,4,4
9354,0.5355237036847516,0.8494569550287366,1.1289517008618526,2,4,5,-2,-3,-1
8130,1.068200835589346,0.3321587866150602,1.198499425344549,5,1,5,4,0,-4
7882,1.191609683647728,0.19154420865940786,1.3031466144150683,5,1,6,4,-1,-5
8261,1.1296212894482112,0.20314905362783947,1.3496830462188991,5,1,6,4,-1,-5
8216,0.9447928763970098,0.9455531260211609,0.6436522278004148,4,4,3,0,1,1
8533,0.8615866054585499,0.9513427816572771,0.7016800631855202,4,4,3,0,1,1
7510,1.3038837175024758,1.2853587775165565,0.2087452866804536,6,5,1,1,5,4
8423,0.9033472850888122,0.6618620931882103,0.9211656969405526,4,3,4,1,0,-1
8183,1.008625920384109,1.1752189730409497,0.4725835682835425,4,5,2,-1,2,3
7680,1.2014807897013988,0.4153480938800563,1.0674864452101869,5,2,5,3,0,-3
9587,0.7745109983582623,0.7175753385247726,1.6644098955881688,3,3,7,0,-4,-4
7317,1.3227963152343285,0.6453848432191784,0.8664656993794112,6,3,4,3,2,-1
9108,0.6392726416526767,1.1641120553121118,0.8296401540734324,3,5,4,-2,-1,1
7542,1.2301100148514872,1.0537163712607474,0.4305296799664812,5,5,2,0,3,3
7721,1.1865199197842324,1.2217577435934794,0.3132085701734169,5,5,1,0,4,4
6764,1.5243532467783218,1.231100827830087,0.35101489170041583,7,5,2,2,5,3
7618,1.203899152182627,0.520464147834679,0.9630901446715708,5,2,4,3,1,-2
8088,1.096442424911976,1.3465301789081496,0.3772757500123613,5,6,2,-1,3,4
7860,1.112423323770115,1.2289608648812476,0.3669024897697941,5,5,2,0,3,3
8406,0.9087168884705166,0.6554547801162459,0.924013287330277,4,3,4,1,0,-1
8573,1.1930228023342628,1.6745942742409303,0.5231177911675843,5,7,2,-2,3,5
6947,1.5572375947626538,1.5826621818716986,0.10577553540063601,7,7,0,0,7,7
7818,1.3512499715529669,1.6642394002249563,0.3404528590658422,6,7,1,-1,5,6
9425,0.8671436029798183,0.585704865883809,1.6214455322857886,4,3,7,1,-3,-4
9021,0.8017876183968135,0.521056398065561,1.3388323601159018,3,2,6,1,-3,-4
7118,1.377938495967583,1.1728763439160252,0.32262590793621004,6,5,1,1,5,4
6935,1.5461939068107138,1.5523010869523164,0.08276724676652537,7,7,0,0,7,7
7789,1.0902041571734309,1.0196377626440778,0.503281788504599,5,4,2,1,3,2
7716,1.1625083578134738,0.4829088122566271,1.000391494049493,5,2,4,3,1,-2
7870,1.0353551601717488,0.9601555749923368,0.5774821052797585,4,4,2,0,2,2
7584,1.3217903211587123,1.3925703100566025,0.14652246300482988,6,6,1,0,5,5
6713,1.7458569813927929,0.6166719795671671,1.3056880734718408,7,3,6,4,1,-3
9184,0.5709061920381451,0.8784598076249823,1.0417012953423084,2,4,4,-2,-2,0
7989,1.063644937580876,0.3880983819880696,1.1298571169452676,5,2,5,3,0,-3
6655,1.7742941603432059,0.7712078869806666,1.1556468828399025,8,3,5,5,3,-2
7577,1.3204316973174859,1.3851222992948162,0.1486381604639796,6,6,1,0,5,5
7692,1.1723405109439289,0.4912831049874999,0.9915216321614287,5,2,4,3,1,-2
7069,1.379476670072397,1.1582684635844005,0.3395286510947502,6,5,1,1,5,4
7193,1.3930724334593554,1.2594548593220156,0.2306982582998412,6,5,1,1,5,4
7594,1.3276347892151918,1.4161553883277418,0.14129987026645607,6,6,1,0,5,5
7938,1.1994379029718472,0.14146295490235164,1.3690736962090335,5,1,6,4,-1,-5
7231,1.3348761866415113,0.6858023363465654,0.8300461085963293,6,3,4,3,2,-1
8202,1.0588586512269085,0.33628654069338265,1.200539818905573,5,1,5,4,0,-4
9412,0.6816012248135377,0.6541166310701794,1.4122075662379046,3,3,6,0,-3,-3
8796,0.7950661298505821,1.1527805034736522,0.6770967363028086,3,5,3,-2,0,2
8644,0.8057535319697122,0.9711393027745382,0.7362315196990528,3,4,3,-1,0,1
8140,1.0993537463884842,1.37032184161876,0.3805522721669689,5,6,2,-1,3,4
6968,1.559599902766464,1.601421137557816,0.1208229802282946,7,7,1,0,6,6
8293,1.2624098635844057,1.6756040775731804,0.4484954404666736,5,7,2,-2,3,5
7011,1.383501954950756,1.1493477142914326,0.3511017573120218,6,5,2,1,4,3
6691,1.6926122704641036,0.8242449925458001,0.9854688675844686,7,4,4,3,3,0
7977,1.0611554957582798,0.3965608232660669,1.121118491726071,5,2,5,3,0,-3
9588,0.7874255620137482,0.7154965234008892,1.6760281609961565,3,3,7,0,-4,-4
8517,0.872185503691739,0.6791975810710338,0.9267760178226744,4,3,4,1,0,-1
7853,1.1062836482179246,1.1980310258137006,0.38286471871665395,5,5,2,0,3,3
8614,1.175309107434135,1.675530711986971,0.5437835463076318,5,7,2,-2,3,5
8242,1.0299203829498549,0.3876083997693016,1.1536603599419055,4,2,5,2,-1,-3
8390,1.2455297062666155,1.6787086122609534,0.470556727824921,5,7,2,-2,3,5
7811,1.1223279392359442,1.2023827888111431,0.368580414336036,5,5,2,0,3,3
7276,1.4670105652732115,1.4844347872386516,0.003122933754517582,6,6,0,0,6,6
9542,0.4105584277324122,0.9336674992995282,1.2340704204358504,2,4,5,-2,-3,-1
9235,0.5576829577402468,0.9598572768076864,0.9878961289984544,2,4,4,-2,-2,0
7513,1.235170951022789,1.0291777252144876,0.4539191635234375,5,4,2,1,3,2
8413,0.905723854245328,0.6602626173862955,0.9211173335029396,4,3,4,1,0,-1
8065,1.0958688830987924,1.332898015666734,0.375257837252075,5,6,2,-1,3,4
7144,1.3841503285053578,1.2084252990605335,0.28500995428266257,6,5,1,1,5,4
9392,0.6902708953049153,0.641560660838023,1.3973107493754988,3,3,6,0,-3,-3
8531,0.8592941437433043,0.925231258877688,0.7210470951074714,4,4,3,0,1,1
9327,0.9392399430169028,1.6710769824258045,0.8023013521593817,4,7,3,-3,1,4
9292,0.5530104082661321,0.8423758100592547,1.11020915163376,2,4,5,-2,-3,-1
7872,1.0933447893063717,1.1938082285337646,0.3948186930740096,5,5,2,0,3,3
8405,0.9030834638067062,0.9581395574127128,0.6649396386080724,4,4,3,0,1,1
7106,1.3774521452057549,1.166746638204642,0.32930050857354903,6,5,1,1,5,4
8313,0.9791034567262398,0.484741190359045,1.0679498041055886,4,2,5,2,-1,-3
7947,0.9953259547030292,0.9575432582162204,0.6022737247686206,4,4,3,0,1,1
6964,1.4023588582867297,1.1823325231854722,0.32192856692700283,6,5,1,1,5,4
8092,1.0781176285840766,0.3235935576372889,1.2024599426075726,5,1,5,4,0,-4
9464,0.4838930563065517,1.1952293278993906,0.9841357701636648,2,5,4,-3,-2,1
8906,0.7035690696125146,1.0580122769041311,0.7894419239211111,3,5,3,-2,0,2
7394,1.357495840455173,1.2850624339347905,0.19761260841474354,6,5,1,1,5,4
7377,1.297648058816437,0.9627544911985396,0.5274532526689452,6,4,2,2,4,2
6659,1.82416611975575,0.6862751871247401,1.3424281174075032,8,3,6,5,2,-3
7298,1.3104385992520249,0.8011422735003475,0.7010839049406624,6,3,3,3,3,0
7658,1.2170194914801862,0.4062298256686642,1.0774303809479608,5,2,5,3,0,-3
8012,1.0644096502069555,0.3839806951586133,1.1343943076143537,5,2,5,3,0,-3
9564,0.8377398588091597,0.6887362043477886,1.7004115260012107,4,3,7,1,-3,-4
7108,1.3754182623056233,1.1582110245241233,0.3380973883770461,6,5,1,1,5,4
7744,1.1523463427647265,0.4724730972485489,1.0117621736330404,5,2,4,3,1,-2
7358,1.2992572574600587,0.9309162917646796,0.5614155981731884,6,4,2,2,4,2
6728,1.5903747363167005,0.9705732426664664,0.7088651934676127,7,4,3,3,4,1
8933,0.6927185415576439,1.0438616448346416,0.8052794211647185,3,4,3,-1,0,1
7103,1.3910650811757932,1.2191150780564477,0.27544946626365024,6,5,1,1,5,4
9178,0.5743403778148505,0.8640579234689423,1.0524589167379488,2,4,4,-2,-2,0
8766,0.8149711141252683,1.154232137204331,0.6575838462939045,3,5,3,-2,0,2
9223,0.90394113516329,0.4974539768001873,1.5564324388520328,4,2,7,2,-3,-5
7117,1.3782016877230674,1.1739442284410215,0.3215262270379508,6,5,1,1,5,4
7013,1.3809152790869288,1.137656082945126,0.3631708566103948,6,5,2,1,4,3
9462,0.6537384307915185,0.6909772752620162,1.4399739700771843,3,3,6,0,-3,-3
7494,1.23629729052685,1.0166963575325376,0.4661523702420334,5,4,2,1,3,2
7926,1.154150944594418,0.2295084417252149,1.2755432493807566,5,1,5,4,0,-4
6629,1.8472056632972542,0.7533908251415379,1.2910673072488574,8,3,6,5,2,-3
9631,0.4577776816216869,0.8681014844983382,1.3757393209580389,2,4,6,-2,-4,-2
9404,0.6847229218194629,0.6486323754779872,1.4034142599776365,3,3,6,0,-3,-3
8318,1.2591364218748369,1.677128226634776,0.4538894215052482,5,7,2,-2,3,5
7983,1.0431562905693983,1.1825882562394323,0.4403945018146619,4,5,2,-1,2,3
8642,0.8064925342122962,0.9687232787959106,0.7370106667993095,3,4,3,-1,0,1
6941,1.5263939771954278,1.5130529038529097,0.05874982954064595,7,6,0,1,7,6
7327,1.3031128858258707,0.8735082362494248,0.6229317867715551,6,4,3,2,3,1
7693,1.1918983854482148,0.4272380563949863,1.055435449297848,5,2,5,3,0,-3
8153,1.0698590806212886,0.3237246175189997,1.2089595078909985,5,1,5,4,0,-4
7026,1.3675210865513538,1.07374128625832,0.42897096311086935,6,5,2,1,4,3
7538,1.3066309517644832,1.3137473948459657,0.18794479165589872,6,6,1,0,5,5
7278,1.3169113574315645,0.7663170769803459,0.7396357047979483,6,3,3,3,3,0
7482,1.2372966173038094,1.009477496118294,0.4732694928358366,5,4,2,1,3,2
7656,1.1867054985624836,0.5041898747883469,0.978530273327391,5,2,4,3,1,-2
7391,1.2943397455755343,1.014883936233722,0.4719223582622408,6,4,2,2,4,2
9102,0.6110024667651606,0.7874873539306992,1.0963379783823637,3,3,5,0,-2,-2
7072,1.3760689908932555,1.1433570935841135,0.3549115902998326,6,5,2,1,4,3
8652,0.803577871556229,0.9783888850372876,0.7339388480415708,3,4,3,-1,0,1
7042,1.3881144531826062,1.1814978657677582,0.3167703054132232,6,5,1,1,5,4
9193,0.6188529808919067,1.1671600406032419,0.8498122649016667,3,5,4,-2,-1,1
9017,0.6541378700631678,0.7554129514700678,1.0764807714664206,3,3,5,0,-2,-2
7573,1.3195338813917254,1.3808526221678898,0.15015696340002968,6,6,1,0,5,5
6961,1.5184711204088006,1.5092582361293945,0.0507213010322596,6,6,0,0,6,6
8041,1.0615113607878026,0.3777749847239426,1.1437620580014938,5,2,5,3,0,-3
6756,1.6231317093504471,0.5040544868157575,1.2667247434112567,7,2,5,5,2,-3
8168,0.9466250579848928,0.8921001408385358,0.6827855209002668,4,4,3,0,1,1
8723,0.8130490880401834,1.0835878517360389,0.6771450897783888,3,5,3,-2,0,2
9031,0.8279045406560579,0.4990697375513158,1.3824761584144691,4,2,6,2,-2,-4
8904,0.7023843324637972,0.7313497758998347,1.0421352919697944,3,3,4,0,-1,-1
7316,1.305050148599081,0.841565521776556,0.6570542653179419,6,4,3,2,3,1
7698,1.2777510529152305,0.21585891992059145,1.2710887289962778,5,1,5,4,0,-4
7122,1.3966453692420338,1.2453712596345656,0.24780404384178395,6,5,1,1,5,4
9539,0.4144624444641104,0.9297549841825286,1.2329983294926077,2,4,5,-2,-3,-1
9332,0.7479788663072537,0.5911197987140321,1.425815717583955,3,3,6,0,-3,-3
7994,1.0681136334806125,0.3772778836461664,1.1403685646449635,5,2,5,3,0,-3
7933,1.0668280591926722,0.4138471867763004,1.0978735458819722,5,2,5,3,0,-3
6790,1.4920430243052816,1.2196921856532132,0.3362794169538098,6,5,1,1,5,4
6736,1.6838200640438632,0.5601894487254363,1.2831677136858723,7,2,5,5,2,-3
9315,0.973015889768902,1.7084720576855874,0.8085464899971241,4,7,3,-3,1,4
7918,1.1011677251871277,1.2749995226389863,0.3678846005656629,5,5,2,0,3,3
9507,0.4348797026956029,0.9156845866420872,1.2133390182735992,2,4,5,-2,-3,-1
8351,0.942724611486354,0.5714825332540213,0.9917350346320308,4,2,4,2,0,-2
7181,1.3868237893143271,1.2320403650180003,0.2594353290821746,6,5,1,1,5,4
7173,1.345006433952884,1.0370598058331102,0.4610146016007747,6,4,2,2,4,2
6821,1.4406912768434574,0.7665246704273763,0.8044358581356748,6,3,3,3,3,0
6841,1.4307888779447768,0.7615611715807367,0.803045761918914,6,3,3,3,3,0
9286,0.5562225646265341,0.8403630607535875,1.1078781814521443,2,4,5,-2,-3,-1
8476,0.9940815148768808,0.3747973667762722,1.2106918939919566,4,2,5,2,-1,-3
7319,1.383677795183876,1.2963624317421587,0.18778274809785905,6,6,1,0,5,5
7515,1.3044354461003147,1.2895836150929587,0.20540130695217976,6,6,1,0,5,5
6884,1.4084794292705092,0.7640675617600509,0.7862650128320032,6,3,3,3,3,0
8745,0.7914063982453271,1.0390464130998356,0.7142655122691046,3,4,3,-1,0,1
7576,1.3218623016695334,1.3884113444817483,0.14687427849736734,6,6,1,0,5,5
8598,1.0506955608243769,0.27260051047798434,1.3956042207433186,4,1,6,3,-2,-5
6750,1.5386388548391383,1.12533322474007,0.4854849378313522,7,5,2,2,5,3
6679,1.7092604209056381,0.810952960094571,1.0213312299388344,7,3,4,4,3,-1
8364,1.2488342177667415,1.6747376548494532,0.4621581549112737,5,7,2,-2,3,5
7435,1.3963448368179396,1.4549516772938809,0.07376440776638249,6,6,0,0,6,6
7566,1.3470199110807115,1.4360130569871945,0.124169220629139,6,6,1,0,5,5
7610,1.4376888672691146,1.6447400843550863,0.23184154877619256,6,7,1,-1,5,6
7337,1.3014729531511262,0.8918700752156663,0.6031480719982403,6,4,3,2,3,1
8008,1.061748801929541,0.3904722117485073,1.1280916414623359,5,2,5,3,0,-3
7325,1.3127239267566309,1.0018127156067864,0.4895939559603058,6,4,2,2,4,2
7091,1.37535167500328,1.1491777919613078,0.34814978260175794,6,5,1,1,5,4
8042,1.0854510636048238,0.32414782388366303,1.1963590927404362,5,1,5,4,0,-4
7446,1.3909180399786514,1.453121182505252,0.07940075331579287,6,6,0,0,6,6
7986,1.0614464628063824,0.393512844580187,1.1246050654989344,5,2,5,3,0,-3
8567,1.1961312810139202,1.6752681190403031,0.5204919035907327,5,7,2,-2,3,5
6886,1.441019887218742,1.1974462525531908,0.3254882947508437,6,5,1,1,5,4
9094,0.8108778524940987,0.5213318579528486,1.4058159451554582,3,2,6,1,-3,-4
6984,1.5607635721990645,1.6122506220098383,0.13043410279783366,7,7,1,0,6,6
9098,0.5980075566190268,1.023379555138263,0.9082378055832632,3,4,4,-1,-1,0
7917,1.3178076247136543,1.668255539691024,0.3802794295162944,6,7,2,-1,4,5
7888,1.0867477151893483,0.4241909977908513,1.0775682661868828,5,2,5,3,0,-3
7467,1.2425670213055426,1.001982375005037,0.4806841955530685,5,4,2,1,3,2
7604,1.190175489904973,0.9872752383343508,0.4990254026490161,5,4,2,1,3,2
7674,1.4117726704129336,1.6500167730298683,0.2623802521812517,6,7,1,-1,5,6
7270,1.3199943514914811,0.7557444842419951,0.7517575001748112,6,3,3,3,3,0
9042,0.7987215067002751,0.5248926916871695,1.3520893998690289,3,2,6,1,-3,-4
7970,1.1023955589069128,0.30463298827027785,1.210407519672323,5,1,5,4,0,-4
6724,1.7153403147698885,0.5887690922574704,1.2942078263372259,7,3,6,4,1,-3
8225,1.0263834909679843,0.3996293289026231,1.1404527325621534,4,2,5,2,-1,-3
8783,0.8030654833381266,1.1528363884620365,0.6693271270695544,3,5,3,-2,0,2
8932,0.6940634906222606,1.0490072245532671,0.8019795926664208,3,4,3,-1,0,1
8673,0.7977579965129934,0.9710539226915376,0.7432772954527317,3,4,3,-1,0,1
7928,1.0999887115716251,1.28178772842996,0.3684909680281003,5,5,2,0,3,3
9363,0.5661767598646811,1.175361895910289,0.9020760896688178,2,5,4,-3,-2,1
8264,1.001558751584632,0.4470284591053016,1.0982285695291356,4,2,5,2,-1,-3
8975,0.8328248228491905,0.4901883071296317,1.346721185520854,4,2,6,2,-2,-4
7550,1.2362576020359732,0.5517023463254814,0.9359160862806188,5,2,4,3,1,-2
8843,0.7201208777279613,0.9873211577682078,0.8052519730868978,3,4,3,-1,0,1
9170,0.5778298721825366,0.8515571810241507,1.0617993858291015,2,4,5,-2,-3,-1
6734,1.5767399367924648,1.0063007026338384,0.6555654418252078,7,4,3,3,4,1
7528,1.2341034090444123,1.0469528024190078,0.4366659631565338,5,4,2,1,3,2
8164,1.083135569942842,0.29600153929734235,1.2376545089939124,5,1,5,4,0,-4
7455,1.2635335970243942,0.5793531930589116,0.91396262284077,5,2,4,3,1,-2
7766,1.2457447028987556,0.20561168912463698,1.2770926991202356,5,1,5,4,0,-4
7536,1.3064033517451046,1.3106023811175789,0.1900493060200377,6,6,1,0,5,5
8184,0.9468588699018886,0.9175382101253686,0.6629364099369478,4,4,3,0,1,1
7995,1.0690187706316383,0.3751151983925773,1.1424720109746416,5,2,5,3,0,-3
8631,0.8108607231036612,0.9675861910261491,0.7338972861535644,3,4,3,-1,0,1
9528,0.4253478053205865,0.9218913105074864,1.2230987563484093,2,4,5,-2,-3,-1
9140,0.5898695609512233,0.8250991542437222,1.0769650864994569,3,4,5,-1,-2,-1
8187,1.067507616001646,0.3220184008414571,1.2134672531059585,5,1,5,4,0,-4
9356,0.7084667934459433,0.6216492390092778,1.390214773910394,3,3,6,0,-3,-3
6830,1.4373903985447172,0.7648593571644241,0.8039590672356717,6,3,3,3,3,0
7334,1.313727214758249,1.0247310014165152,0.4654214315755946,6,4,2,2,4,2
7689,1.1950687697252331,0.4244105510550493,1.0582960376434245,5,2,5,3,0,-3
7007,1.3773454319230631,1.1156623762018854,0.38632135048881777,6,5,2,1,4,3
6642,1.8229145491454064,0.7572182069416019,1.2465199877612725,8,3,5,5,3,-2
9633,0.6007525911527477,0.7771649339028792,1.512052901342278,3,3,6,0,-3,-3
7875,1.2081168331164798,0.16690611886293655,1.325783059849715,5,1,6,4,-1,-5
7093,1.355016109442739,1.0408891050531015,0.4603554884608872,6,4,2,2,4,2
7383,1.3012179081117154,1.0185791906850734,0.4692859363522596,6,4,2,2,4,2
9071,0.8517850106190992,1.4794512206579984,0.7160211273302336,4,6,3,-2,1,3
8856,0.7629093006938209,1.1555527726702597,0.7080853220867829,3,5,3,-2,0,2
8371,0.913088853730408,0.9576709794747691,0.6577861188519355,4,4,3,0,1,1
8093,1.0236277755590601,1.1784029280133872,0.4585231924987117,4,5,2,-1,2,3
7852,1.1012271257421828,0.4353247720453792,1.0605012677707428,5,2,5,3,0,-3
9323,0.9687084904062686,1.7046133557140768,0.8087211952642438,4,7,3,-3,1,4
8374,1.117977248942058,1.4763703666643655,0.4148817285520138,5,6,2,-1,3,4
7234,1.3343814187294103,1.029063055739392,0.4662987768335381,6,4,2,2,4,2
9408,0.6815860845970657,0.6524604432717522,1.4060334893647832,3,3,6,0,-3,-3
8323,0.9601434079881609,0.5324570358466373,1.0244012503539068,4,2,4,2,0,-2
9461,0.6520932902731102,0.6919992436368332,1.43823130790389,3,3,6,0,-3,-3
8120,0.9508950669794556,0.7731247123004887,0.7820975765550817,4,3,3,1,1,0
8629,0.8121271867727923,0.9683711061161484,0.7323358671400526,3,4,3,-1,0,1
9305,0.7668905413646036,0.5767604584358313,1.4402375992982708,3,2,6,1,-3,-4
9535,0.4175364882635357,0.9273898711379694,1.230491428416959,2,4,5,-2,-3,-1
8104,1.020135291837856,1.1775673742344392,0.4618146349370333,4,5,2,-1,2,3
7178,1.39029381752113,1.2438441390812378,0.2473297564886932,6,5,1,1,5,4
9231,1.0080829402919993,1.7190108098822532,0.7820198398798625,4,7,3,-3,1,4
9317,0.9572959702809732,1.6906388488396378,0.8048464961056112,4,7,3,-3,1,4
9134,0.5909478792487627,0.8244666502007663,1.0762044352223101,3,4,5,-1,-2,-1
6803,1.449493998601644,0.7710177247624785,0.8057727151724124,6,3,3,3,3,0
8046,1.0341053770974675,1.1809681446901477,0.44866745167874666,4,5,2,-1,2,3
8939,0.6924719471967739,0.7373444283957601,1.0473709264277264,3,3,4,0,-1,-1
9407,0.5039933106444888,0.8697813194688038,1.15348280063206,2,4,5,-2,-3,-1
7647,1.1632745303283667,0.979734305839854,0.5111924055373683,5,4,2,1,3,2
9582,0.8318314100607467,0.7073287834466023,1.712860586523262,4,3,7,1,-3,-4
8848,0.7655449491474464,1.1535163190976223,0.7057717621289248,3,5,3,-2,0,2
9586,0.7665885794397765,0.7189935911360081,1.657281295963723,3,3,7,0,-4,-4
7338,1.3189780106569169,0.6405925337725712,0.8698398244206009,6,3,4,3,2,-1
8926,1.0921989104774632,1.7089370960510484,0.6758332521650232,5,7,3,-2,2,4
8653,0.8021249553425231,0.9698792117822708,0.7401373927045212,3,4,3,-1,0,1
9243,0.9443419819370212,1.6469094054996496,0.7693248158379109,4,7,3,-3,1,4
8002,1.0844916359541052,0.3395087106007758,1.1772323066736203,5,1,5,4,0,-4
8805,0.7895328707377879,1.1532291550203404,0.6824084107751046,3,5,3,-2,0,2
7212,1.4031342699104588,1.2996074290200583,0.18869803800703566,6,6,1,0,5,5
6929,1.5441356229036718,1.5441498497816002,0.07834348979989714,7,7,0,0,7,7
7772,1.1381521440459257,0.4653652453110678,1.0207772715128036,5,2,4,3,1,-2
6652,1.7856491631276716,0.7676139377780296,1.1765554153749544,8,3,5,5,3,-2
7040,1.3625281857757077,1.0491182023341992,0.4541723301107042,6,4,2,2,4,2
9100,0.7935024576938163,0.5352348665909621,1.3887046618127574,3,2,6,1,-3,-4
9669,0.34140672420560497,1.14060428486726,1.1373773600730008,1,5,5,-4,-4,0
8740,0.8309729751012604,1.154677290254981,0.6420780897859838,4,5,3,-1,1,2
8824,0.7405464666436815,0.7175697959389941,1.0123229567694816,3,3,4,0,-1,-1
7846,1.0502268435733877,0.9643242355928032,0.5665001205999044,4,4,2,0,2,2
7521,1.2348909207070575,1.0396903107378894,0.4436615774766519,5,4,2,1,3,2
6914,1.4672027125093432,1.3389664192769737,0.1755188594983593,6,6,1,0,5,5
7058,1.3741348290169726,1.1298140507339252,0.36928387900850573,6,5,2,1,4,3
9369,0.5315706073398356,0.8513780644814696,1.132868836834441,2,4,5,-2,-3,-1
8001,1.0811257461783157,0.34704827181144177,1.1698507033720758,5,1,5,4,0,-4
7211,1.3335318983099418,0.7225749578471881,0.7915022160851839,6,3,3,3,3,0
8549,1.206273908985568,1.6808799818491855,0.516040846135515,5,7,2,-2,3,5
7520,1.3050027762348226,1.293810628261837,0.2021042461995494,6,6,1,0,5,5
9429,0.5120939655226204,1.1879434554649335,0.955927349581362,2,5,4,-3,-2,1
8308,1.2599906467008133,1.6758570560871424,0.4514190481067549,5,7,2,-2,3,5
7282,1.3250137978318377,1.022481741223629,0.4706868617909363,6,4,2,2,4,2
9613,0.8124791458713173,0.714387997855515,1.7006624284218048,3,3,7,0,-4,-4
8864,0.7211467346818319,0.7234937420156592,1.0283420479071823,3,3,4,0,-1,-1
7161,1.340014992673347,0.7261737146873666,0.7905113742319884,6,3,3,3,3,0
8537,0.8589798259912251,0.9407852651548704,0.7107168528367163,4,4,3,0,1,1
8348,0.9515629875644545,0.5445166438338499,1.0164708327657674,4,2,4,2,0,-2
9241,0.5728443604448399,0.8315481484494566,1.0939451313025226,2,4,5,-2,-3,-1
7281,1.3260821546458799,1.0299351759897737,0.4629710703305822,6,4,2,2,4,2
9070,0.81749185332247,0.512788650074887,1.3982524268988905,3,2,6,1,-3,-4
9547,0.4252945217098484,1.2144666652414629,1.0431555035241522,2,5,4,-3,-2,1
9120,0.6000035412378779,0.8027469571993101,1.0917005044052936,3,3,5,0,-2,-2
8106,0.9670518629726742,0.6461471947418997,0.8961897519516593,4,3,4,1,0,-1
8679,0.8112799557924515,1.0450882925056824,0.6936217183033944,3,4,3,-1,0,1
6806,1.4471828629421617,0.7708357722532347,0.8043404462270001,6,3,3,3,3,0
8496,1.222636079425508,1.6818862804043557,0.499339159302104,5,7,2,-2,3,5
7956,1.060948784701677,0.4066487090703529,1.109272892429114,5,2,5,3,0,-3
7895,1.0242537617065424,0.9593852639492432,0.5840939941372111,4,4,2,0,2,2
7133,1.3962255028190949,1.247259030888782,0.24551534241170886,6,5,1,1,5,4
7315,1.3050352517359347,0.8457639616864298,0.6526457587404738,6,4,3,2,3,1
9549,0.8415608121787336,0.6756746305415922,1.6911578639156188,4,3,7,1,-3,-4
9570,0.8363728691515697,0.6941695582356757,1.7044354545863143,4,3,7,1,-3,-4
6844,1.5041946329678757,1.356010118533124,0.18607060369459472,6,6,1,0,5,5
7381,1.3106704367674586,0.6285829270127217,0.8788885582157648,6,3,4,3,2,-1
6966,1.369909283286325,0.726992511887458,0.8037422551862634,6,3,3,3,3,0
7476,1.3770950781361675,1.4470578204848614,0.0933298911316704,6,6,0,0,6,6
7603,1.2170151974109666,0.531665428048477,0.9531546612512992,5,2,4,3,1,-2
8759,0.7836299214245525,1.0400986083968284,0.7209288730988754,3,4,3,-1,0,1
8580,1.1828254294548222,1.6628541401319592,0.5205946773201076,5,7,2,-2,3,5
8596,1.1853455915663882,1.6772808674774908,0.5347719430015642,5,7,2,-2,3,5
7179,1.3887044824712385,1.2384780174640238,0.2528320572618393,6,5,1,1,5,4
8248,1.0439111761542967,0.3554810545883537,1.1862980828881773,4,2,5,2,-1,-3
8640,0.9276371824159916,0.4169879160561509,1.2382149384552237,4,2,5,2,-1,-3
9378,0.5262574907990921,0.8548728044449145,1.1368056036639755,2,4,5,-2,-3,-1
8472,1.1426125061838452,1.5538233798347882,0.4506619219227314,5,7,2,-2,3,5
7020,1.3897313217558411,1.1799295712001598,0.319186715849656,6,5,1,1,5,4
8078,1.0955990562658977,1.338611059640041,0.3765521105756563,5,6,2,-1,3,4
6672,1.7160036009553037,0.8062916187994723,1.035265487001832,7,3,4,4,3,-1
7966,1.1196250266597978,0.2712270406539059,1.2429418852815322,5,1,5,4,0,-4
7346,1.3066482628666465,0.9868288608922958,0.5040544643274398,6,4,2,2,4,2
7483,1.2524135224237696,0.5667682057219496,0.9239877051645052,5,2,4,3,1,-2
9339,0.540552048285326,0.8468680696281744,1.1242568785665707,2,4,5,-2,-3,-1
6853,1.4238536237327093,0.7611963979859885,0.7989056990890823,6,3,3,3,3,0
9148,0.5855788194265673,0.8345091486303212,1.0713210148103078,3,4,5,-1,-2,-1
9558,0.8391731139878489,0.6854276883912757,1.6985492098764283,4,3,7,1,-3,-4
8996,0.6966963577200217,1.1562322646893013,0.7732490878036189,3,5,3,-2,0,2
7942,1.0639674498876333,0.4112156643580783,1.1023504782066174,5,2,5,3,0,-3
7017,1.3665225819121276,1.0613692957547878,0.4422442811081201,6,5,2,1,4,3
7729,1.1819888103288907,1.2204286015988859,0.31693180674559635,5,5,1,0,4,4
8924,0.6920614771507348,1.0317535503298405,0.8108725414416518,3,4,3,-1,0,1
8375,0.9266331632182769,0.6105235643762498,0.9595539230719264,4,3,4,1,0,-1
9135,0.5911935395929937,0.8235623041865792,1.0770051724203575,3,4,5,-1,-2,-1
7285,1.324831854297566,1.0285854107369927,0.4640825563423182,6,4,2,2,4,2
8033,1.0950810290364672,1.3227235330550822,0.3746357643927968,5,6,2,-1,3,4
7067,1.3859684180223284,1.1849290717036205,0.31207115828761617,6,5,1,1,5,4
6749,1.5414044570512804,1.1162608296515912,0.4983377955466252,7,5,2,2,5,3
8733,0.7959654939464997,1.038926623839754,0.7101648016444381,3,4,3,-1,0,1
7568,1.2179572084173926,1.0508424784843045,0.4348111575735112,5,4,2,1,3,2
9219,0.5596202637270755,0.9417022143283388,0.9990439328101228,2,4,4,-2,-2,0
8201,1.0578414485729286,0.3383742302891977,1.1984470423241933,5,1,5,4,0,-4
7102,1.3494048896270487,0.7151463887129212,0.8061364549929838,6,3,3,3,3,0
8162,1.0647814603262278,0.33244812532888784,1.2009103218659487,5,1,5,4,0,-4
8654,0.8080562881929431,0.6954509593586542,0.965917420315202,3,3,4,0,-1,-1
7053,1.3694200173577329,1.1014298509353058,0.3990431288090517,6,5,2,1,4,3
7363,1.2987902341097122,0.9391243192595731,0.5526439142120849,6,4,2,2,4,2
6859,1.4213258236546042,0.7630226101478284,0.7953485543409891,6,3,3,3,3,0
7224,1.336724489349754,1.0307166321118464,0.4652281101963243,6,4,2,2,4,2
9589,0.7934025239055892,0.7146319520503466,1.6814045511924331,3,3,7,0,-4,-4
9236,0.5574432370972824,0.9503950770230618,0.9949919793819434,2,4,4,-2,-2,0
8901,0.845980675823229,0.4772615228909444,1.3152412002937113,4,2,6,2,-2,-4
8343,0.976963567676104,1.1707573552336432,0.502009751113205,4,5,2,-1,2,3
8047,1.0485422952581405,0.4071198539056812,1.1158077513029103,4,2,5,2,-1,-3
8109,1.0970726513998386,1.3579089744409192,0.3793903380200915,5,6,2,-1,3,4
8484,0.9340369775426669,1.1631800734941649,0.5430439700710074,4,5,2,-1,2,3
7596,1.1958062944072323,0.9891131451781948,0.4964595681501537,5,4,2,1,3,2
8773,0.8897113169549727,0.442946691532975,1.2652838830278492,4,2,5,2,-1,-3
6945,1.3768682583557976,0.7467207261300064,0.7866942925769406,6,3,3,3,3,0
9598,0.8079259628208363,0.7138345404219014,1.6955220361047405,3,3,7,0,-4,-4
8604,0.8321585468536662,0.6906699927176734,0.9485983694210408,4,3,4,1,0,-1
7754,1.1099481153021329,0.9700271623984291,0.5357204435964326,5,4,2,1,3,2
7041,1.356969581718005,0.7193548733272971,0.8053057681158426,6,3,3,3,3,0
9028,0.8003944249745815,0.5226774788949259,1.3439440437025632,3,2,6,1,-3,-4
9419,0.5220101529079628,1.1849791432653158,0.9460359640678708,2,5,4,-3,-2,1
9521,0.6309183006497444,0.7230503820925633,1.4634581213362228,3,3,6,0,-3,-3
7551,1.4561863256771008,1.635311579150067,0.2038169637299755,6,7,1,-1,5,6
8747,1.1355174512612118,1.670583094315001,0.5821296802291529,5,7,2,-2,3,5
8186,1.0527998912525574,0.3523550464796964,1.1831061376650345,4,2,5,2,-1,-3
7132,1.5511505559470342,1.6217859087438955,0.1392161144686941,7,7,1,0,6,6
7393,1.4309175563638927,1.4686929925923482,0.038386157725121904,6,6,0,0,6,6
7885,1.3305561164402009,1.6667307408077447,0.3650091135844917,6,7,2,-1,4,5
7664,1.2135244629165471,0.4065200695585331,1.0768755941891102,5,2,5,3,0,-3
8659,0.9282315440390174,0.411452293980585,1.252005165043532,4,2,5,2,-1,-3
7702,1.1848648559463602,0.4351185820066445,1.0475694212064126,5,2,4,3,1,-2
7196,1.3357314243562053,0.7234309745694077,0.7915331030983075,6,3,3,3,3,0
7427,1.4899782526296104,1.6316414148504923,0.17407740382383938,6,7,1,-1,5,6
7074,1.370395078167443,1.1167648330029336,0.3823909516491575,6,5,2,1,4,3
9329,0.5776003972141189,1.1733359811803938,0.8907272746228486,2,5,4,-3,-2,1
7432,1.2743282637788869,0.5886138095936402,0.9074867506653062,5,3,4,2,1,-1
6918,1.4646972271191925,1.334420847458759,0.17918477203929192,6,6,1,0,5,5
6747,1.5458966846224054,1.0958798630177975,0.5255867941382529,7,5,2,2,5,3
8594,0.8375902881881501,0.6888478902535865,0.9457023652401472,4,3,4,1,0,-1
7525,1.234589987506104,1.0438641979954055,0.4396231748999489,5,4,2,1,3,2
7141,1.3984120044128463,1.2577319288729445,0.23443922275059895,6,5,1,1,5,4
8281,0.9903723641475268,0.4691670305703176,1.0788337939534156,4,2,5,2,-1,-3
9311,0.9386502114062902,1.668291326965154,0.7997658845253842,4,7,3,-3,1,4
6759,1.527844730125148,1.1939245211131797,0.3971382016476985,7,5,2,2,5,3
6722,1.6079437475960203,0.9370047585995726,0.7640898534345807,7,4,3,3,4,1
8252,1.0214439866678249,0.4030093156834211,1.1398658759432154,4,2,5,2,-1,-3
7533,1.232951826883378,1.0520485931249244,0.4318443909712805,5,4,2,1,3,2
6819,1.5192710566688414,1.3671179268092992,0.1877122958568483,6,6,1,0,5,5
6656,1.7684193363481866,0.7737611735589394,1.1441605274730735,8,3,5,5,3,-2
9532,0.4208275079373296,0.9258002151009944,1.225706443048622,2,4,5,-2,-3,-1
7652,1.2208085770432628,0.4083797520257737,1.0756464008726672,5,2,5,3,0,-3
8145,1.089946951229354,0.28593378636832384,1.2464636146449162,5,1,5,4,0,-4
9427,0.6716381231941351,0.6671118710740466,1.422335105012702,3,3,6,0,-3,-3
7798,1.0832670081686362,1.0173111465450764,0.5084771039792324,5,4,2,1,3,2
9264,0.5549579312720612,0.9978809529215962,0.9666504689712524,2,4,4,-2,-2,0
9597,0.8069244543106162,0.7139490868283974,1.6946220728639445,3,3,7,0,-4,-4
7497,1.371672347749351,1.4452934671239477,0.0989638624920836,6,6,0,0,6,6
6619,1.887466362359592,0.7554187366498554,1.3583289328218549,8,3,6,5,2,-3
8230,1.1127670396969158,0.2328535133355929,1.3111503314439967,5,1,6,4,-1,-5
7850,1.3451209385522187,1.665377107329005,0.3481907846704252,6,7,1,-1,5,6
7799,1.070849427973224,0.9632579572824912,0.5574830230884079,5,4,2,1,3,2
9000,0.8067051636211515,0.5159640674981517,1.331462275680002,3,2,6,1,-3,-4
7797,1.3644624793379592,1.6621157937763062,0.32429739813735664,6,7,1,-1,5,6
8861,0.7113987500283642,0.9903789603246292,0.8119320451524878,3,4,3,-1,0,1
9516,0.4294687649553833,0.9187707228502241,1.2197740763730622,2,4,5,-2,-3,-1
6632,1.8359804946767195,0.7549108406357901,1.2705351980431434,8,3,5,5,3,-2
8373,0.9353423026839665,0.5803245399786793,0.9870123348102792,4,2,4,2,0,-2
8445,1.2351985421310916,1.6812638813970584,0.4848877139630383,5,7,2,-2,3,5
7005,1.3795138829745055,1.1262717596256615,0.3753462269297414,6,5,2,1,4,3
9544,0.4083258081144557,0.9345025926381342,1.238023578435321,2,4,5,-2,-3,-1
8368,1.020304087930367,0.365015138189429,1.1951735848210925,4,2,5,2,-1,-3
8670,0.8089265166668752,1.0263966483502422,0.7041660484584771,3,4,3,-1,0,1
6866,1.494388391926576,1.3493587875357298,0.18504380444864893,6,6,1,0,5,5
8882,0.7014021788492844,0.9928728626048214,0.8202098183945331,3,4,4,-1,-1,0
6972,1.399135399552884,1.1814523748348824,0.3214666147143813,6,5,1,1,5,4
9047,0.7991216741665846,0.524826244364997,1.3560636280861118,3,2,6,1,-3,-4
9460,0.4863644149493725,1.1950390982543893,0.9816644527305732,2,5,4,-3,-2,1
9344,0.7346763936872719,0.6013160363333079,1.4148811528319174,3,3,6,0,-3,-3
8522,0.8658392333690752,0.9571487922801444,0.6945251357271153,4,4,3,0,1,1
8825,0.8752251842162342,0.4512420530165872,1.2915983509012738,4,2,6,2,-2,-4
7143,1.3958098684711775,1.249148819313603,0.24323011542863665,6,5,1,1,5,4
6847,1.5274744773015472,1.4226182462733623,0.13335258547282391,7,6,1,1,6,5
7514,1.305232557322967,1.291769163188665,0.20347568921483614,6,6,1,0,5,5
7225,1.3313324133394502,0.7217247048875982,0.7914775094906371,6,3,3,3,3,0
8114,0.9562858823643984,0.7150561585991759,0.8336876451703928,4,3,4,1,0,-1
7558,1.3127768564023623,1.3488248856746463,0.1655177583829183,6,6,1,0,5,5
7751,1.1518657087016015,0.4667469538394898,1.0176178272858458,5,2,4,3,1,-2
8675,0.8088721020307714,1.0309421860019756,0.7020953181916741,3,4,3,-1,0,1
7268,1.3958812240364185,1.3009818256549663,0.18518366573411174,6,6,1,0,5,5
7396,1.509121158893293,1.6276617757269305,0.1580315199574569,6,7,1,-1,5,6
8455,0.995225007068424,0.38062471033205897,1.199032708702458,4,2,5,2,-1,-3
9313,0.5455923242604537,0.8443089028491344,1.1195707673315152,2,4,5,-2,-3,-1
7291,1.3903004078798975,1.2987714200427092,0.18636801752724186,6,6,1,0,5,5
7891,1.1847792663940095,0.19968216984632692,1.2964014850322587,5,1,6,4,-1,-5
8247,1.0375136308141886,0.3690543697060701,1.1727526636913823,4,2,5,2,-1,-3
8587,0.8915249006304906,1.1582348655340615,0.5837553207604779,4,5,2,-1,2,3
9012,1.064132284052259,1.7154116661564085,0.7149489436236303,5,7,3,-2,2,4
7373,1.2975584213003395,0.9502514854901924,0.5406182760616846,6,4,2,2,4,2
9501,0.4386391371390719,0.9133873154874612,1.2092962092390889,2,4,5,-2,-3,-1
8461,0.8876140295829216,0.9596785281076938,0.6757461088411023,4,4,3,0,1,1
9646,0.35821188831638184,0.9832215865214158,1.2566582168734963,2,4,5,-2,-3,-1
9049,0.8330250314110451,1.439331662243532,0.7086262885709576,4,6,3,-2,1,3
7859,1.0419193666480102,0.9600179125334644,0.5741555907353024,4,4,2,0,2,2
8868,0.7588325246706872,1.1568773030616175,0.7119167098577805,3,5,3,-2,0,2
8272,1.1166159024570947,0.22078070840200065,1.3313326693290684,5,1,6,4,-1,-5
9186,0.5820019722884083,0.8275020612978806,1.0854603216606424,2,4,5,-2,-3,-1
7733,1.3954608977172478,1.6597607190772812,0.2905210988892956,6,7,1,-1,5,6
7559,1.222299929731876,1.0514754370281003,0.4336054772113341,5,4,2,1,3,2
9475,0.649345545178787,0.6968680900142022,1.4440455159326453,3,3,6,0,-3,-3
7916,1.1622714345592382,0.22184820290815385,1.2805731885714098,5,1,5,4,0,-4
7670,1.180417953159758,0.4984149297257864,0.9842513821423684,5,2,4,3,1,-2
7251,1.3256761275696574,0.7429566102450014,0.7672021891608268,6,3,3,3,3,0
7548,1.2279384469611585,1.0533820343814604,0.4310918474699151,5,5,2,0,3,3
7399,1.351917563905573,1.2829942541867811,0.19981517187488945,6,5,1,1,5,4
7137,1.3803845626588551,1.1905006846973507,0.30378093899918696,6,5,1,1,5,4
6898,1.3997741745079857,0.7590159115407802,0.7864405287010053,6,3,3,3,3,0
7763,1.1121041910961251,1.0269175393174708,0.4874523480726128,5,4,2,1,3,2
8097,1.0972212369564562,1.3521793736090824,0.3777548329375637,5,6,2,-1,3,4
9379,0.6966907926499467,0.6335892091234561,1.3905925640276222,3,3,6,0,-3,-3
8678,0.8121175039775559,1.048289805932304,0.6914979878934625,3,4,3,-1,0,1
7832,1.0582848492286034,0.9874416056730152,0.5442054290052265,5,4,2,1,3,2
7586,1.3237013282656265,1.399038492281737,0.14433577145227866,6,6,1,0,5,5
9230,0.7885496179245224,0.5495561864123272,1.4250639203648363,3,2,6,1,-3,-4
8025,1.0949829795503048,1.3181906042603353,0.3742327606874593,5,6,2,-1,3,4
9019,0.8100738125580145,1.3842162460914929,0.7017883352843319,3,6,3,-3,0,3
8306,0.974517761529289,0.500410351911752,1.0522077114656916,4,2,4,2,0,-2
8927,0.7582715255305402,1.2150202606165381,0.7100058070225765,3,5,3,-2,0,2
8672,0.807438079805259,1.0199998075265893,0.7085524302827392,3,4,3,-1,0,1
8879,0.7531580095977701,1.1599422723480821,0.7171320544953691,3,5,3,-2,0,2
7367,1.3002761507018044,0.9675812486046672,0.5229506107850312,6,4,2,2,4,2
6760,1.5270038672879669,1.2039207430641552,0.3848533430546046,7,5,2,2,5,3
6623,1.8708274021884048,0.7534017447494924,1.3314795293749062,8,3,6,5,2,-3
9346,0.7300056124376201,0.6049466779822087,1.4109535618440072,3,3,6,0,-3,-3
8725,0.7866649992760698,0.9730136659018406,0.7519507298197569,3,4,3,-1,0,1
7903,1.077302325411569,1.1898176364198103,0.4093282802422792,5,5,2,0,3,3
7855,1.0466187998144447,0.9621560147401871,0.5700505959265033,4,4,2,0,2,2
9561,0.4125032607833954,1.217609538634196,1.0560369768050908,2,5,5,-3,-3,0
6777,1.5021076003553662,1.2364522310150532,0.3250839885688219,6,5,1,1,5,4
8881,1.0852547110802222,1.682522722575687,0.6520449960691524,5,7,3,-2,2,4
7598,1.4420198000850792,1.6389347791579532,0.22051162813350014,6,7,1,-1,5,6
9022,0.6368860006666227,1.0106217624645608,0.8748045921671345,3,4,4,-1,-1,0
8014,1.067104856067869,0.3774934220156588,1.1407004959835207,5,2,5,3,0,-3
7827,1.1170462931209428,1.2078978671078433,0.3704493744493208,5,5,2,0,3,3
8978,0.7826226493183571,1.3088555559690058,0.7007252147343097,3,6,3,-3,0,3
6974,1.5125353864498188,1.505951912963433,0.04477022696412265,6,6,0,0,6,6
8869,0.7230831537192802,1.0522882502386788,0.7728032267967195,3,4,3,-1,0,1
7506,1.2357112177665457,1.026100776853976,0.4569110387474679,5,4,2,1,3,2
7101,1.3537663477296507,1.0395194644785473,0.4613964545033837,6,4,2,2,4,2
9302,0.9405150158229744,1.6672582754762155,0.7964901180528338,4,7,3,-3,1,4
8589,0.8428193311838704,0.6881103605530059,0.9418867293588457,4,3,4,1,0,-1
9476,0.4784590210000855,1.1971408639190924,0.989587298000287,2,5,4,-3,-2,1
7902,1.3245252451978782,1.6680207386737471,0.3729262887416209,6,7,2,-1,4,5
8105,0.9651904913740992,0.6570520380284189,0.8861275826062553,4,3,4,1,0,-1
6994,1.3924276141764609,1.1786533878155172,0.3217388696564583,6,5,1,1,5,4
8559,0.9637729733555964,0.3958334195966053,1.216282935796291,4,2,5,2,-1,-3
7981,1.1024414519456616,0.3027498783118296,1.2128339112684998,5,1,5,4,0,-4
8011,1.0635188704685727,0.38614407309266335,1.1322930246331984,5,2,5,3,0,-3
8292,0.9911050440041232,0.462317251296231,1.0868267774282938,4,2,5,2,-1,-3
7372,1.2978435312379524,0.9534464428016572,0.5373144957807507,6,4,2,2,4,2
6654,1.7799499778161438,0.7693418974962984,1.1661010926965782,8,3,5,5,3,-2
7701,1.1876864722458285,0.4298860787451275,1.0527837319105264,5,2,4,3,1,-2
7962,1.1168540724617904,0.27841673766111125,1.235216682635195,5,1,5,4,0,-4
9110,0.6072061450543585,0.7912162593647951,1.096903863081609,3,3,5,0,-2,-2
7890,1.0262799627380257,0.958207067849718,0.5838939475354727,4,4,2,0,2,2
7742,1.1560216338303289,0.4638446246127092,1.0201496263758874,5,2,4,3,1,-2
8280,0.9354536919776442,0.9578544018187156,0.6414839547853737,4,4,3,0,1,1
9503,0.6379551909157112,0.7131370003586739,1.456546395544582,3,3,6,0,-3,-3
7581,1.3416050370815815,1.434356171314605,0.12980228683840306,6,6,1,0,5,5
7972,1.1106882759353864,0.2875082107880452,1.2273460124020577,5,1,5,4,0,-4
8692,0.9222271802892752,0.4154730328056559,1.2562713341235958,4,2,5,2,-1,-3
7951,1.127799183810999,0.2615759188813919,1.2502401851596816,5,1,5,4,0,-4
9653,0.4086392533085759,0.914449780315168,1.324411867677499,2,4,6,-2,-4,-2
6674,1.7141087052942388,0.8081127114189655,1.0307527483646295,7,3,4,4,3,-1
8819,0.9906315700697508,0.3488969037191553,1.452074517753734,4,1,6,3,-2,-5
9415,0.8706953934917488,0.5761376695616869,1.6143699949329005,4,2,7,2,-3,-5
8075,1.0153100519568936,0.48806271092171105,1.0401872494534747,4,2,4,2,0,-2
8456,1.22974231644336,1.6772078355438504,0.4859375150908111,5,7,2,-2,3,5
7029,1.3652610563407053,1.0599974008145725,0.4432591055704952,6,5,2,1,4,3
7379,1.5168858406859125,1.6230509014150538,0.14879419796858495,6,7,1,-1,5,6
7578,1.319481703713478,1.382929649723635,0.14984309276225682,6,6,1,0,5,5
9603,0.825997020856023,0.7120614074289148,1.7117618454171424,4,3,7,1,-3,-4
8226,1.0277552382787665,0.3964580381223292,1.1435695662164294,4,2,5,2,-1,-3
9080,0.6230298766337993,0.7745206982288066,1.0963891473170937,3,3,5,0,-2,-2
8947,0.6746841235170539,0.9996438254216152,0.8427013073909967,3,4,4,-1,-1,0
8550,1.2023466075358793,1.6754087478973132,0.5138168939472733,5,7,2,-2,3,5
8451,1.0003600563076491,0.37223589876695057,1.2068494069576603,4,2,5,2,-1,-3
7896,1.212257459296935,0.14605601455068426,1.3505667181155423,5,1,6,4,-1,-5
8748,0.8260446138130068,1.1536110366373236,0.6470006288387089,4,5,3,-1,1,2
8163,1.0668244404027127,0.3282581205422111,1.2051038497005755,5,1,5,4,0,-4
8697,0.8192524383465605,1.0889014153558516,0.6696299124645632,4,5,3,-1,1,2
8789,0.8819528506671177,0.4489157309303644,1.2707602866516343,4,2,5,2,-1,-3
8940,0.6930297179626678,0.7354508916354194,1.0491073051844133,3,3,4,0,-1,-1
7055,1.5559980395759632,1.6179660915160081,0.13536344151566773,7,7,1,0,6,6
9288,0.7761632773414903,0.5663645213645033,1.437599996066543,3,2,6,1,-3,-4
7092,1.3736716386968366,1.1417206089134837,0.35584559039574765,6,5,2,1,4,3
7861,1.1003316558350102,1.1958956723860188,0.388425840811943,5,5,2,0,3,3
9375,0.5274742173310911,0.8560366227510137,1.1329102406533915,2,4,5,-2,-3,-1
9182,0.5743151995592327,1.0237460982379236,0.9325666115594876,2,4,4,-2,-2,0
7788,1.3689556849478204,1.6610929643115258,0.3184618428413786,6,7,1,-1,5,6
7330,1.310961469315726,0.9962015352190484,0.4951342589308982,6,4,2,2,4,2
9168,0.5742862313723892,0.8698751557931932,1.0462601013302295,2,4,4,-2,-2,0
8089,0.984263698979642,0.5833701445847892,0.95227104938337,4,2,4,2,0,-2
8809,0.7485869274571916,0.7121106530581406,1.0095844716115958,3,3,4,0,-1,-1
8118,0.9610546945770406,0.6768467404129329,0.8685386467818537,4,3,4,1,0,-1
8982,1.0736071497377315,1.713054495890835,0.7015190494203263,5,7,3,-2,2,4
9293,0.8934904624864213,0.5203247540963103,1.5731849610544624,4,2,7,2,-3,-5
6621,1.8907370857204144,0.7461005464840607,1.3775823138771752,8,3,6,5,2,-3
6740,1.5588050847673325,1.048028188591536,0.5915963268780464,7,4,3,3,4,1
7939,1.0567348299144823,1.185145813359275,0.4280494737364703,5,5,2,0,3,3
7323,1.3040322577473202,0.8633014207021772,0.6339299709152779,6,4,3,2,3,1
7840,1.0607473379291354,1.007288113497922,0.527713122251911,5,4,2,1,3,2
8606,0.9423377906651166,0.40753311695946426,1.2299001472408118,4,2,5,2,-1,-3
7006,1.3784190652631765,1.120966070497957,0.38083344423182014,6,5,2,1,4,3
6835,1.5100991461764979,1.356790540962894,0.1907549066520888,6,6,1,0,5,5
9498,0.6416440645939664,0.7086870140665813,1.4546604196896198,3,3,6,0,-3,-3
8409,1.2415535364803587,1.6792132112936606,0.475489172479268,5,7,2,-2,3,5
6673,1.7162071597135031,0.8056203024993183,1.036294836261604,7,3,4,4,3,-1
7183,1.4602677442445908,0.3500829520187119,1.2522766486809884,6,1,5,5,1,-4
8886,0.7117569047634674,0.7273634270088266,1.0352132034847683,3,3,4,0,-1,-1
9001,0.8302269426928999,0.4941405730646913,1.363833544687781,4,2,6,2,-2,-4
7318,1.4566256807703044,1.4794232022777027,0.012215404174212435,6,6,0,0,6,6
9224,0.565601936658239,1.0215946456797724,0.942723916307794,2,4,4,-2,-2,0
6876,1.4909402691002775,1.3502975723798922,0.18089848038943626,6,6,1,0,5,5
8997,0.6501470397990738,1.0061831621702424,0.8637033635207394,3,4,4,-1,-1,0
9367,0.7037841410451525,0.6262004941413759,1.3894301739814676,3,3,6,0,-3,-3
8641,0.8066680365051263,0.9697879541082164,0.7362296359536113,3,4,3,-1,0,1
7640,1.1959477382577308,0.511826051618139,0.9712171752492019,5,2,4,3,1,-2
6999,1.3685401740161536,1.0609471903105259,0.4435197803025669,6,5,2,1,4,3
7203,1.337276967718821,0.7017151934542208,0.8146626469006002,6,3,3,3,3,0
8974,0.8158925529933134,0.506841491502808,1.322837231726452,3,2,6,1,-3,-4
7899,1.1704563502302563,0.21907969934144328,1.2794942713826178,5,1,5,4,0,-4
8165,1.1048158087582676,0.2561269112038022,1.2787254287616328,5,1,5,4,0,-4
9387,0.5209488843385182,0.8583889399851419,1.1407555903761408,2,4,5,-2,-3,-1
9495,0.4417526074354151,0.9110804038871628,1.20681608758606,2,4,5,-2,-3,-1
9656,0.43640654042407817,0.8869440944343148,1.3551070601788404,2,4,6,-2,-4,-2
7470,1.2568794126089478,0.5726886401193112,0.9190587889405991,5,2,4,3,1,-2
8207,1.052823635175877,0.3470867550975836,1.190430923814514,4,1,5,3,-1,-4
9599,0.8089277334965697,0.7137216780664577,1.6964222381553469,3,3,7,0,-4,-4
9352,0.7161076504042942,0.6156206429377925,1.3977033034943804,3,3,6,0,-3,-3
8080,1.0107590514325029,0.4991083024775639,1.0302148970526332,4,2,4,2,0,-2
7671,1.2884728895739632,0.22051465492981184,1.2693143133375802,6,1,5,5,1,-4
7434,1.2603958944530635,1.0075160140591424,0.4756440057096645,5,4,2,1,3,2
9176,0.5759660454130808,1.0261484758525186,0.9297134110609029,2,4,4,-2,-2,0
8276,0.9958104048941562,0.4571797151835681,1.0897445319270784,4,2,5,2,-1,-3
7070,1.3784862781746678,1.1540066752398828,0.34392332833333866,6,5,1,1,5,4
6667,1.7215371192828903,0.8016168482439903,1.047775595816263,7,3,4,4,3,-1
6635,1.8325683114666305,0.7544063674922649,1.2656340032571691,8,3,5,5,3,-2
8072,1.029432570715456,0.4499309374486309,1.076167107373877,4,2,5,2,-1,-3
6809,1.4772903922440153,1.2118655441691242,0.33380210566953433,6,5,1,1,5,4
9103,0.8084126465657201,0.5246720461668491,1.4090439298269095,3,2,6,1,-3,-4
6879,1.4116809334902518,0.7665890621927873,0.7855408165418442,6,3,3,3,3,0
8251,1.0134041861192444,0.4220320228999329,1.1212169609210594,4,2,5,2,-1,-3
9276,0.9517623258967516,1.6642849314603498,0.7804778868952452,4,7,3,-3,1,4
8082,1.0962290799408942,1.3419833782009192,0.3765396962299977,5,6,2,-1,3,4
8116,0.9584111716786056,0.6964921925797897,0.8505750663210262,4,3,4,1,0,-1
8195,1.1073971754452063,0.24696001877049986,1.291613157853364,5,1,6,4,-1,-5
8972,1.0771528413864837,1.7130953284414636,0.6976222404209652,5,7,3,-2,2,4
8196,1.2746349109239334,1.6732652769263947,0.4324583491660613,5,7,2,-2,3,5
7194,1.3415664437000934,1.0350944457152076,0.4620170144681399,6,4,2,2,4,2
9384,0.5547580810512021,1.177497492682677,0.9134297823090372,2,5,4,-3,-2,1
8538,1.207021012356422,1.6758442938076212,0.5091963964370224,5,7,2,-2,3,5
8395,0.9197344217256536,0.6182793676385757,0.9560121695503656,4,3,4,1,0,-1
6663,1.7352148567529655,0.7939643924369935,1.074616411039534,7,3,5,4,2,-2
8521,0.9767941571614228,0.3889735256834376,1.2093069383607216,4,2,5,2,-1,-3
8515,0.8697904123415732,0.9608145896488746,0.6890243942529454,4,4,3,0,1,1
8908,0.8370534180806289,0.4868016555315339,1.3057127640199797,4,2,6,2,-2,-4
6838,1.5254034669092318,1.4049497036959386,0.1507074678816943,7,6,1,1,6,5
7200,1.4808593510555574,1.4912054588349963,0.012886271091590431,6,6,0,0,6,6
9025,1.0584276200970488,1.7148957317098823,0.7206785587449761,5,7,3,-2,2,4
9265,0.5688152957940936,0.8332816589311831,1.0978134237199508,2,4,5,-2,-3,-1
9246,0.5572117531380254,0.9866687352763291,0.9708367927741374,2,4,4,-2,-2,0
7444,1.2661056188094744,0.5835655767783234,0.9103842387235164,5,2,4,3,1,-2
8035,1.0666531134586992,0.3678486705042426,1.152877477157512,5,2,5,3,0,-3
8175,1.0784117855252615,0.3036255291072313,1.23063119270693,5,1,5,4,0,-4
7753,1.1715065323747538,1.2166691531959626,0.3260013893916373,5,5,1,0,4,4
7579,1.2253722520539048,0.5395677396841491,0.9463331053419586,5,2,4,3,1,-2
8148,1.102165806913648,0.2633735499306087,1.2696449473654856,5,1,5,4,0,-4
6901,1.4752368884107805,1.3430621177990671,0.17664029394413922,6,6,1,0,5,5
8757,1.0139729756312883,0.31776489534221913,1.4325065432144377,4,1,6,3,-2,-5
8689,0.8165201937704221,1.0723302314374783,0.6779522123638325,3,5,3,-2,0,2
6712,1.642671980442988,0.8817530333413367,0.8627470049361196,7,4,4,3,3,0
7714,1.1640077068450618,0.4854044208667623,0.997788419814578,5,2,4,3,1,-2
8051,1.0515757602738685,0.3995643392261733,1.123135614067374,4,2,5,2,-1,-3
9667,0.34792172840424657,1.15958895010169,1.1254222558045592,1,5,5,-4,-4,0
8219,1.036691659785981,0.37820309868391777,1.1608885476067266,4,2,5,2,-1,-3
7410,1.2793195765243428,1.0135716287650285,0.4711070014278089,5,4,2,1,3,2
7837,1.1140495742885126,1.2023910449329198,0.3750022784503538,5,5,2,0,3,3
6900,1.536732521317375,1.5002684638791408,0.07523764248475741,7,6,0,1,7,6
7172,1.3860345977766175,1.2258605326977827,0.2661011765546128,6,5,1,1,5,4
8831,0.7754080592518158,1.155157211780917,0.6959084131548302,3,5,3,-2,0,2
9638,0.6854374240447425,0.7433921622396908,1.5887921573176664,3,3,7,0,-4,-4
8192,1.0478854764454741,0.36110033574100536,1.1750990939024557,4,2,5,2,-1,-3
7541,1.3593435546551091,1.4406055737460401,0.11156605365585333,6,6,0,0,6,6
6748,1.5430417396831309,1.1057890728298936,0.5117247845242231,7,5,2,2,5,3
8830,0.8656575047626427,0.462062737090501,1.2823932736321395,4,2,5,2,-1,-3
9155,0.915131440279508,1.5959974126500531,0.7482491530008437,4,7,3,-3,1,4
7217,1.3991898857634533,1.287764711514077,0.20081062675772585,6,6,1,0,5,5
7964,1.060607714957687,0.4026781505585072,1.1141453508412358,5,2,5,3,0,-3
7718,1.4002670222635367,1.6578491975302427,0.28342401848078985,6,7,1,-1,5,6
7974,1.2988384872111067,1.6668923603633417,0.3987193820546903,6,7,2,-1,4,5
9467,0.6514450841086454,0.6934482344304034,1.440458365800029,3,3,6,0,-3,-3
7564,1.314720404264184,1.3605048201243068,0.15957616949354494,6,6,1,0,5,5
9251,0.5554276791653106,0.979592026480072,0.9772002063258556,2,4,4,-2,-2,0
7611,1.248276866208679,1.2428468172524776,0.26412077219694385,5,5,1,0,4,4
9132,0.9015264538870226,1.573306606902279,0.7411355165707548,4,7,3,-3,1,4
6626,1.859296985818941,0.7538178484207598,1.3109451518094841,8,3,6,5,2,-3
8169,0.9458565196331064,0.8822478667607216,0.6911189364674827,4,4,3,0,1,1
9565,0.8377865634388136,0.6908605054460509,1.7025667636844903,4,3,7,1,-3,-4
7057,1.3748177342284458,1.1330045407769602,0.3659871598432548,6,5,2,1,4,3
9142,0.9060714091306392,1.5813310101394984,0.7438298508682271,4,7,3,-3,1,4
6772,1.5806900099441057,0.4635279508874011,1.2595786383708,7,2,5,5,2,-3
8064,1.046665297277345,0.4095022631107279,1.1140636946377656,4,2,5,2,-1,-3
7120,1.4912476056409658,1.4963491299307954,0.023237346067365286,6,6,0,0,6,6
8846,0.7669899232985358,1.154243677594284,0.7042608789946899,3,5,3,-2,0,2
8568,1.181264002689442,1.6544920483175838,0.5126487145114093,5,7,2,-2,3,5
6633,1.8339492567199167,0.7550462370853104,1.26704982288873,8,3,5,5,3,-2
9312,0.5450174307681287,0.8460449936931282,1.1180090416782036,2,4,5,-2,-3,-1
6815,1.4436627639346713,0.771053311332638,0.8016566450303424,6,3,3,3,3,0
7261,1.3227234567842858,0.7503626393868672,0.7583744096328809,6,3,3,3,3,0
7773,1.3776218510029496,1.6612842011067657,0.3100152705220222,6,7,1,-1,5,6
9199,0.5708600843453213,1.0243381120299704,0.9358903995975862,2,4,4,-2,-2,0
6662,1.7405094502139709,0.7910785149461543,1.085068164579114,7,3,5,4,2,-2
8915,0.963434830097103,0.3894057563990701,1.479565186214875,4,2,6,2,-2,-4
9045,0.8294551799438521,1.4313078516077384,0.7074113292309534,4,6,3,-2,1,3
8347,0.9465031219609462,0.5615932867691014,1.0003346001862294,4,2,4,2,0,-2
9152,0.9098067543566294,1.5883036787612943,0.7465153180434787,4,7,3,-3,1,4
8091,0.9893987901777552,0.5626906438537632,0.9716974679331272,4,2,4,2,0,-2
8221,1.041970700597001,0.3666362942322828,1.172350825485729,4,2,5,2,-1,-3
8331,0.9574256772701653,0.5380703010312992,1.0197690692635328,4,2,4,2,0,-2
8285,1.2617692191201322,1.6721412465243526,0.4449834971543003,5,7,2,-2,3,5
7512,1.2357300716684785,1.0324391384464808,0.4506915630077689,5,4,2,1,3,2
7677,1.1775203918044952,0.4967437284890719,0.9859440029062356,5,2,4,3,1,-2
7272,1.3282719161088306,1.0305074158078666,0.4629604910244119,6,4,2,2,4,2
8070,1.0229207272516865,0.4683446106224808,1.0584884261410978,4,2,5,2,-1,-3
8381,1.0123204350263872,0.3748616154544491,1.1884388348785386,4,2,5,2,-1,-3
9133,0.5852536617129849,1.0249754617483875,0.9206312447817621,3,4,4,-1,-1,0
7625,1.312425662706022,0.234073373706827,1.2646128877284561,6,1,5,5,1,-4
8944,0.8373198879661206,0.4854452587091115,1.3245811852909444,4,2,6,2,-2,-4
7028,1.3662859361664057,1.0663388160325908,0.4366642399885539,6,5,2,1,4,3
8667,0.8056984439245772,0.6925849163070766,0.9714215216602078,3,3,4,0,-1,-1
6869,1.5293029098302964,1.445926219220526,0.11068091453419532,7,6,0,1,7,6
8597,0.8319594831503903,0.964587694458914,0.7176965054937329,4,4,3,0,1,1
8973,0.7801661694772559,1.3008325108808534,0.7009929914504237,3,6,3,-3,0,3
7299,1.3215470195576997,1.0277378227024367,0.4641260592584134,6,4,2,2,4,2
6915,1.42329990310998,1.190221460966822,0.3234686174171601,6,5,1,1,5,4
6743,1.5531679216097476,1.0676023850605387,0.5642797015219181,7,5,2,2,5,3
7669,1.4148622287995356,1.6523366672663125,0.2624627695302233,6,7,1,-1,5,6
9016,0.8074668323688591,1.3786287556415628,0.7018175188063362,3,6,3,-3,0,3
8032,1.085426015508708,0.32788312179682044,1.191496372387561,5,1,5,4,0,-4
7720,1.171945757078679,0.4478433560495136,1.0351832851106089,5,2,4,3,1,-2
7461,1.4785194119636098,1.6340475587823589,0.18498223378259915,6,7,1,-1,5,6
9216,0.5771413855365526,0.8289434391818776,1.0908771858001574,2,4,5,-2,-3,-1
7001,1.3612403021209578,0.7222148547732092,0.8043928960262167,6,3,3,3,3,0
7266,1.3222742478459408,0.7427699818375272,0.7660879775036246,6,3,3,3,3,0
8920,0.6872376374692802,0.9981200873130438,0.8312153780277738,3,4,4,-1,-1,0
7420,1.2694678261148278,1.0114679600224123,0.4722623013564035,5,4,2,1,3,2
8254,1.1144889094657795,0.2264842355639651,1.3219296885693657,5,1,6,4,-1,-5
6981,1.3735367225072816,1.0724585342725124,0.4328278510368707,6,5,2,1,4,3
8592,0.8352367239935378,0.9638170104883008,0.7154151081389376,4,4,3,0,1,1
8958,0.6690472123729477,1.0007576258091149,0.8476793406135198,3,4,4,-1,-1,0
9602,0.8239851025364444,0.7122313447927375,1.7099536693601889,4,3,7,1,-3,-4
8544,1.2101616799153416,1.6814475961854631,0.5124593548112689,5,7,2,-2,3,5
9480,0.6471634357955588,0.6998184977928564,1.4460884087326114,3,3,6,0,-3,-3
9260,0.7830802034939907,0.5554826062915771,1.4261484651228424,3,2,6,1,-3,-4
8564,0.8534916889522068,0.6857213405527407,0.9352590101607834,4,3,4,1,0,-1
7869,1.036287921751487,0.9590274500920556,0.5778759252304395,4,4,2,0,2,2
7073,1.3746590060824804,1.1369707599867271,0.361505557875067,6,5,2,1,4,3
7627,1.2392106602440176,1.2397935587719673,0.27085784271089425,5,5,1,0,4,4
8310,0.9841802904525108,1.1698756773484522,0.4957712878779224,4,5,2,-1,2,3
9421,0.6761971631973883,0.6608686862054464,1.416817002906004,3,3,6,0,-3,-3
7645,1.421899114554018,1.6454775495039284,0.2470652052187627,6,7,1,-1,5,6
8779,0.7653370297508235,0.7063675375883361,0.9975840555560616,3,3,4,0,-1,-1
6702,1.6747098272478695,0.8418354422357915,0.9440732868074068,7,4,4,3,3,0
9299,0.5509298926716316,0.8409084480191015,1.115677338116365,2,4,5,-2,-3,-1
7806,1.358268807239811,1.6631534747567414,0.33190347799444997,6,7,1,-1,5,6
8780,0.7637748186820511,0.70883321956672,0.9964079374980992,3,3,4,0,-1,-1
9471,0.6499789211504744,0.6954104067764442,1.441816369263236,3,3,6,0,-3,-3
7633,1.182166044868176,1.0409593470731846,0.4510891562028516,5,4,2,1,3,2
8532,1.1701680087818556,1.6208570186988736,0.4873832157739297,5,7,2,-2,3,5
8546,0.97000805922488,0.3928176425276818,1.2122664376722911,4,2,5,2,-1,-3
7491,1.3027062095540112,1.2737895250804827,0.21804468623172826,6,5,1,1,5,4
7059,1.3727918974549107,1.1234350897170136,0.3758778512927353,6,5,2,1,4,3
6776,1.5031816691199034,1.2368206549481788,0.3255708728361116,6,5,1,1,5,4
8929,0.6924905427385122,1.038321129483596,0.8077232506450958,3,4,3,-1,0,1
6864,1.4186997632097862,0.7658340405758716,0.7907013163621636,6,3,3,3,3,0
9266,0.7846468958100673,0.5549696028530609,1.4295341485770008,3,2,6,1,-3,-4
7595,1.2055945391705851,1.047010126151487,0.4404415431440147,5,4,2,1,3,2
8499,0.987292829762779,0.3784687895947925,1.2135492461237194,4,2,5,2,-1,-3
9606,0.5588772677715909,0.7976663277494512,1.4707489794071489,2,3,6,-1,-4,-3
7908,1.0164341258274945,0.958591960229443,0.58908387374266,4,4,3,0,1,1
6788,1.5193874662933735,1.3122751243681097,0.2518671505511691,6,6,1,0,5,5
8917,0.7572254621580071,1.2056088857191494,0.7108163463816085,3,5,3,-2,0,2
8579,1.190688705523886,1.6737845809490557,0.5247326645391315,5,7,2,-2,3,5
7953,1.3051754582055872,1.6699671895888957,0.39575487194078895,6,7,2,-1,4,5
7437,1.2572700093291924,1.0079431218236328,0.4750440343929848,5,4,2,1,3,2
8928,0.6973688481451418,1.0568561230750282,0.7958575361653886,3,5,3,-2,0,2
7280,1.3946039161307933,1.305696406862842,0.17970288562629813,6,6,1,0,5,5
8724,0.8010647634956966,1.0409552612020077,0.7046503016171495,3,4,3,-1,0,1
8079,1.007363310855706,0.5099646601607862,1.0198786466025338,4,2,4,2,0,-2
9252,0.5706965746142036,0.8328562600363991,1.0954825813212454,2,4,5,-2,-3,-1
9157,0.5802040135918543,0.8494026524000544,1.0610272423618137,2,4,5,-2,-3,-1
6773,1.5190766215014562,1.295177587290797,0.2715598561680705,6,6,1,0,5,5
6754,1.5333265430177334,1.154888484695334,0.4469229245395504,7,5,2,2,5,3
7189,1.3426614424454717,1.0353951275624391,0.4620474530379985,6,4,2,2,4,2
7884,1.10803667691803,1.246827908934998,0.36600371048369945,5,5,2,0,3,3
7897,1.1775842429983212,0.2069469875032932,1.2910080611394659,5,1,6,4,-1,-5
8369,0.914350080827794,0.9585940862405482,0.656233599305946,4,4,3,0,1,1
8315,0.9653086345674609,0.5222982832360444,1.0326783840370823,4,2,4,2,0,-2
6957,1.3725740819426349,0.7438219604326068,0.7875020515938548,6,3,3,3,3,0
7407,1.502478704742087,1.6295615435387796,0.16391429632039592,6,7,1,-1,5,6
7615,1.2054927861556826,0.5231165070353581,0.9605689181916414,5,2,4,3,1,-2
8737,1.140876034021581,1.6718325654084305,0.577624625340442,5,7,2,-2,3,5
7056,1.3759728176690842,1.1383235002245151,0.3604930403021815,6,5,2,1,4,3
7404,1.5019847028112352,1.6254938806548709,0.15904929837893012,6,7,1,-1,5,6
8307,0.9828485039310408,0.4770109442414261,1.0747043070819886,4,2,5,2,-1,-3
7150,1.3836687256786693,1.2103044513517132,0.2827388589359561,6,5,1,1,5,4
9663,0.3618501245162151,1.1910671536648008,1.1067273254127408,2,5,5,-3,-3,0
7531,1.3061850207648484,1.3074591017503192,0.19219404141399765,6,6,1,0,5,5
8914,0.6879490328227359,0.9956624891102914,0.8317774527490803,3,4,4,-1,-1,0
6658,1.7563376249645364,0.7805113114775121,1.1191262760497285,8,3,5,5,3,-2
8301,1.109880160465447,1.43400113019793,0.3970509400466297,5,6,2,-1,3,4
9075,0.7961301118599237,0.5297752707537611,1.3723727462952882,3,2,6,1,-3,-4
6695,1.684267244598932,0.8324997189584906,0.965997564787817,7,4,4,3,3,0
7857,1.1975801034851092,0.20413514745753766,1.2857144580342268,5,1,5,4,0,-4
6885,1.5316373031992163,1.4693940587051255,0.0909609285001932,7,6,0,1,7,6
8332,0.9639022346322448,0.5178110191225761,1.0390444574597015,4,2,4,2,0,-2
9578,0.8350417172109407,0.6996061602627603,1.7084685154260997,4,3,7,1,-3,-4
7090,1.38463902300235,1.1875812553483576,0.3085872597763169,6,5,1,1,5,4
7147,1.399009649655134,1.2628467147575095,0.22885781822216214,6,5,1,1,5,4
9400,0.5100301964097024,0.8663267081769995,1.1479301861914617,2,4,5,-2,-3,-1
8935,0.7604092558537522,1.224091594243803,0.708312599643301,3,5,3,-2,0,2
8633,0.8154275860124931,0.6936738674361779,0.9608080657337588,3,3,4,0,-1,-1
6882,1.5266351481238474,0.4119148654406702,1.2541379118462768,7,2,5,5,2,-3
6848,1.502787188990382,1.3546465349493584,0.1863731839243203,6,6,1,0,5,5
9089,0.6492651791011129,1.1622151947897674,0.8198238451828258,3,5,4,-2,-1,1
9171,0.5831549654513464,0.8298150080589374,1.080745257409889,2,4,5,-2,-3,-1
9418,0.6745956647076481,0.6615209259487116,1.4135044451398118,3,3,6,0,-3,-3
6902,1.3993515853019391,0.7423364411448607,0.8037833135464059,6,3,3,3,3,0
7706,1.183123334901358,0.4336551439731564,1.0490632684023369,5,2,4,3,1,-2
7348,1.3000253975869398,0.9081805052582036,0.585580197815275,6,4,3,2,3,1
9121,0.8970303006149967,1.565282229509498,0.738518598878318,4,7,3,-3,1,4
7127,1.3817324612915387,1.1918384954629575,0.30275578002054565,6,5,1,1,5,4
7425,1.2650897824392018,1.010563060396842,0.4728421234452494,5,4,2,1,3,2
9635,0.6634129139832511,0.7509215327431834,1.5689413633352198,3,3,7,0,-4,-4
8628,0.8141372591918616,0.9667457824210476,0.7315711110193219,3,4,3,-1,0,1
7430,1.3275288777322751,1.274586225433615,0.21061096037038265,6,5,1,1,5,4
7443,1.2525760998713982,1.0049246299790409,0.4779097592795027,5,4,2,1,3,2
7876,1.0899915902341737,0.429324812788484,1.0707428528160636,5,2,5,3,0,-3
9526,0.6302209647237283,0.7240435463758497,1.4641520940747093,3,3,6,0,-3,-3
6894,1.4036327573472038,0.7453707772121797,0.8031123902546968,6,3,3,3,3,0
8726,0.8365112946911847,1.1544315089998254,0.6367967420627112,4,5,3,-1,1,2
6865,1.5286226375385676,1.4419371798813654,0.11399138178242432,7,6,0,1,7,6
8128,1.066183286393793,0.3363724475164649,1.1943030552251874,5,1,5,4,0,-4
9608,0.7282142102888853,0.7293109724697819,1.6249799870839599,3,3,7,0,-4,-4
8421,0.9029463616076256,0.6640021166622596,0.9192141100866894,4,3,4,1,0,-1
8574,1.1820356994160326,1.6592892159951782,0.5173301395322196,5,7,2,-2,3,5
7660,1.1856387509506008,0.5039775637317192,0.9787246384944516,5,2,4,3,1,-2
6646,1.8087091222536844,0.7597262668748211,1.2210896858544311,8,3,5,5,3,-2
9474,0.4542354313638175,0.9019158087138686,1.1969361830024825,2,4,5,-2,-3,-1
7479,1.2369365110916688,0.9999051917789926,0.4827894684418674,5,4,2,1,3,2
9505,0.8520599107527003,0.6409918512298299,1.6661446604255994,4,3,7,1,-3,-4
8302,1.0290750946582674,0.3695756604315905,1.1795432041355254,4,2,5,2,-1,-3
7943,1.0648007992774915,0.4090363646122172,1.104453721618297,5,2,5,3,0,-3
8551,1.1759782231572529,1.6382115096019694,0.5000445346100766,5,7,2,-2,3,5
7949,1.0635929997345734,0.407199924860015,1.107220404208904,5,2,5,3,0,-3
7457,1.312428563970948,1.26492720279829,0.2224010768386108,6,5,1,1,5,4
8952,0.8349235716081123,0.4877403442123589,1.330174748662373,4,2,6,2,-2,-4
9517,0.8488181910019211,0.6496991512712126,1.6718992182972627,4,3,7,1,-3,-4
9650,0.3841959751261645,0.9433196791580244,1.2945669020549375,2,4,6,-2,-4,-2
8945,0.9572650762814268,0.3992383791162866,1.4863517675767606,4,2,6,2,-2,-4
8730,0.7970381453560097,1.038634006828787,0.7093177602569531,3,4,3,-1,0,1
9256,0.5577454327735122,1.0098027507654936,0.9570604828645634,2,4,4,-2,-2,0
6924,1.385567365722418,0.7515783995993929,0.7862544342018029,6,3,3,3,3,0
8352,1.0232471047686835,0.36373112853302303,1.19403548730471,4,2,5,2,-1,-3
8203,1.0598794633529371,0.334200352414479,1.2026329949819556,5,1,5,4,0,-4
7105,1.3878377682073586,1.2073462915823094,0.287533223512395,6,5,1,1,5,4
7433,1.2605535044465306,1.008596349689278,0.4745532620312433,5,4,2,1,3,2
9304,0.939892524078904,1.6676019636019372,0.7975820015260491,4,7,3,-3,1,4
8387,0.9192246930071658,0.6295135692831759,0.9441549613522404,4,3,4,1,0,-1
8833,1.0926675925446478,1.6680378285822348,0.6269601227031439,5,7,3,-2,2,4
8328,0.9241876244515632,0.9571516757712164,0.6500225626529581,4,4,3,0,1,1
9380,0.6989709383498751,0.6318822318410022,1.3932807254191737,3,3,6,0,-3,-3
8728,0.798379553911232,1.0394059885716478,0.7077619157835543,3,4,3,-1,0,1
7874,1.2040300648593851,0.1745433503019027,1.318259047347536,5,1,6,4,-1,-5
7780,1.3741512616756566,1.6611988733939866,0.3133743820693941,6,7,1,-1,5,6
7507,1.3050699313654208,1.2886365573271104,0.20583505015585646,6,6,1,0,5,5
9203,0.5792906140167243,0.8276468777381459,1.0893467099031808,2,4,5,-2,-3,-1
8150,0.9464284551348106,0.8535281068966403,0.714270917586527,4,4,3,0,1,1
9428,0.6692779919129695,0.6691425730477973,1.421237513947165,3,3,6,0,-3,-3
7803,1.11809916351919,0.4474460494910253,1.043127151020878,5,2,4,3,1,-2
9044,0.6256113482648122,1.0132754837788107,0.884888348345589,3,4,4,-1,-1,0
9605,0.548368568081148,0.8037447876011102,1.4609113578772257,2,3,6,-1,-4,-3
7136,1.3823456560140244,1.1979879068027914,0.29608197201630243,6,5,1,1,5,4
9485,0.4730297740136447,1.1990758678373286,0.9950409108911552,2,5,4,-3,-2,1
7008,1.369346876480144,1.0722511217039803,0.4313447959746392,6,5,2,1,4,3
6692,1.6909977115405783,0.825575975955126,0.9819856651565564,7,4,4,3,3,0
6877,1.5299714522820442,1.4565722020755665,0.1008384388854859,7,6,0,1,7,6
8353,1.2534772185952991,1.6789443045968075,0.4622240011998063,5,7,2,-2,3,5
6855,1.4226434502599437,0.7616249842397899,0.7976734595063637,6,3,3,3,3,0
7336,1.3015551080439032,0.8939841129753405,0.6009442333641402,6,4,3,2,3,1
8910,0.6899067719217943,1.0059070737496143,0.8247506195141401,3,4,4,-1,-1,0
9423,0.6723065123970128,0.6648401427843281,1.4170355535195562,3,3,6,0,-3,-3
7673,1.207200747493471,0.408504791717796,1.074526647150038,5,2,5,3,0,-3
9424,0.6746906873087332,0.6632355871266873,1.4196839184518493,3,3,6,0,-3,-3
7414,1.2738461862590016,1.0123913818504882,0.4717232553485972,5,4,2,1,3,2
9205,0.7901404607274918,0.5466429663695774,1.4208471740545483,3,2,6,1,-3,-4
8900,0.7067719013504464,1.0568618939239989,0.7867670183969852,3,5,3,-2,0,2
6996,1.377171308873806,1.1096043371943165,0.39300886375711497,6,5,2,1,4,3
9104,0.8821005788231411,1.5377228854887977,0.729987290870096,4,7,3,-3,1,4
9284,0.9931299656089764,1.7161126290844255,0.7952500968349475,4,7,3,-3,1,4
7985,1.0610096568272542,0.3945960593750428,1.1235549533983422,5,2,5,3,0,-3
7651,1.3001984236259103,0.22623137816643854,1.2675089311390006,6,1,5,5,1,-4
7825,1.1070412116707151,0.4396059072677879,1.054224505113984,5,2,5,3,0,-3
9328,0.9383255052227536,1.6700301240547468,0.8021248985361119,4,7,3,-3,1,4
6721,1.6128331804079414,0.9299843094735344,0.7769862175527907,7,4,3,3,4,1
6700,1.677509488630658,0.8404258827384385,0.9489847520811736,7,4,4,3,3,0
7841,1.060130313733754,1.0039812924019302,0.5305410210742983,5,4,2,1,3,2
7654,1.2201406446664829,0.4070374563819552,1.076907434319112,5,2,5,3,0,-3
7089,1.3862913062838786,1.193989963891501,0.3019965591902744,6,5,1,1,5,4
7810,1.0630296934739498,0.9620890943472876,0.5620608540233064,5,4,2,1,3,2
7757,1.1177427857412277,1.0282656508056822,0.4839356883986107,5,4,2,1,3,2
9221,0.576066949278202,0.8295931716065731,1.091643299803421,2,4,5,-2,-3,-1
7046,1.3677487752357518,1.0868882919223883,0.4145145864896435,6,5,2,1,4,3
9668,0.3444662743386543,1.1500718722255159,1.131350624150134,1,5,5,-4,-4,0
8645,0.8108873525713027,0.6915632323099166,0.9675013179445132,3,3,4,0,-1,-1
8297,0.9788186912129608,0.4934507563778477,1.0575076162360135,4,2,5,2,-1,-3
7248,1.5384001312143634,1.620188521696635,0.13895817860658294,7,7,1,0,6,6
8471,0.9913189098834178,0.3825991388113367,1.2006516064460413,4,2,5,2,-1,-3
7244,1.3297293372984629,0.7157863856697644,0.796970268584532,6,3,3,3,3,0
8841,0.7700528777877631,1.1532720173551123,0.7013971724661772,3,5,3,-2,0,2
8363,1.2511161756936129,1.6780325335434718,0.4636739500202918,5,7,2,-2,3,5
8240,1.0171897866518491,0.417182914551813,1.1246008803092564,4,2,5,2,-1,-3
6960,1.5576755920586711,1.5923487459779584,0.11300611245449743,7,7,0,0,7,7
8899,0.7516834060479459,1.1808344979898115,0.7168577434047166,3,5,3,-2,0,2
8942,0.7637097434947449,1.2352617379326998,0.7058480531456273,3,5,3,-2,0,2
8027,1.0785829099923503,0.3447823890579025,1.174310226113677,5,1,5,4,0,-4
6925,1.5501252617806458,1.5532368271670849,0.08590004263931357,7,7,0,0,7,7
7350,1.3770561913918469,1.2939839270049711,0.18942592204204128,6,6,1,0,5,5
6802,1.482102907552326,1.2153826552742353,0.33339779382487084,6,5,1,1,5,4
8185,1.0508314020393426,0.3565617611918515,1.178925057755016,4,2,5,2,-1,-3
8516,0.8607699348982718,0.8941269923363689,0.7422587756199452,4,4,3,0,1,1
8943,0.6779530568061041,0.9983784184882248,0.8401391985086675,3,4,4,-1,-1,0
9645,0.3531713781418413,0.9931210359215156,1.2477841505914549,2,4,5,-2,-3,-1
7030,1.364595184019512,1.0557716469959475,0.4476559913629111,6,5,2,1,4,3
7131,1.3462368624812202,0.7127858639970021,0.8071450747489177,6,3,3,3,3,0
7532,1.304949540678823,1.304178318827692,0.19497141608274154,6,6,1,0,5,5
8258,1.0089170731775086,0.4308127612111357,1.1133258442856906,4,2,5,2,-1,-3
6959,1.5623855864422322,1.600130722428554,0.1204919007652597,7,7,1,0,6,6
6909,1.4254501531524426,1.1908481449568604,0.323937158399906,6,5,1,1,5,4
7711,1.1650690635085847,0.4855643995107546,0.9975683418733636,5,2,4,3,1,-2
7519,1.4644079351938055,1.6332269193519795,0.19450667512303726,6,7,1,-1,5,6
8543,0.9752619650031636,0.38465948855916987,1.219987219084692,4,2,5,2,-1,-3
8214,1.0483516193518123,0.3547604068472768,1.1834713352906692,4,2,5,2,-1,-3
8948,0.8267416269492065,0.4963606025205349,1.3147019128537478,4,2,6,2,-2,-4
9289,0.5559882725307389,0.8384054856848062,1.1110111801403186,2,4,5,-2,-3,-1
9073,0.6272717079466534,0.7719580761024549,1.093493617696204,3,3,5,0,-2,-2
9670,0.3385331363161557,1.1303339125935137,1.1440623415303162,1,5,5,-4,-4,0
8877,0.8493001916084355,0.4758573912099121,1.2957638558873277,4,2,6,2,-2,-4
7783,1.3701816191829348,1.6589383081023965,0.3145000949036261,6,7,1,-1,5,6
9112,0.8052047400359861,0.5285555519043624,1.4113372911648003,3,2,6,1,-3,-4
9550,0.8410817824716321,0.6788955917875621,1.6939232522612382,4,3,7,1,-3,-4
9041,0.64337002393753,0.7594854528922608,1.0868131989867504,3,3,5,0,-2,-2
6875,1.4156149092033627,0.7521009335172321,0.8033145303656967,6,3,3,3,3,0
7447,1.3174187714418282,1.2708729162834784,0.216063928853608,6,5,1,1,5,4
7958,1.1220936994905826,0.2695998934776478,1.2434026164786736,5,1,5,4,0,-4
8241,1.022098853702836,0.4055414340514686,1.136005751980127,4,2,5,2,-1,-3
7730,1.1570934686735117,0.4787463485253295,1.004982888400053,5,2,4,3,1,-2
8643,1.035136948366472,0.29061328186324153,1.4109630096151573,4,1,6,3,-2,-5
8685,0.8142307938712177,1.060308245894524,0.6846503425605299,3,5,3,-2,0,2
8669,0.8490295863652102,1.1548467851606083,0.6247294060288622,4,5,3,-1,1,2
8141,0.9469100143761264,0.8336974561996849,0.7307469231760171,4,4,3,0,1,1
8820,0.870248067717759,0.4581348660370173,1.279822524363304,4,2,5,2,-1,-3
9569,0.38798903997572737,0.9504912849178674,1.2548824985072158,2,4,5,-2,-3,-1
8500,1.2187393887319289,1.6776238980000289,0.4984702658603756,5,7,2,-2,3,5
9065,0.8463861597696501,1.4679407820347432,0.7135284051631609,4,6,3,-2,1,3
9636,0.6720032527104186,0.7478819363265041,1.5766902795116016,3,3,7,0,-4,-4
9139,0.5896254097571019,0.8260032886749109,1.0761654485099676,3,4,5,-1,-2,-1
8188,1.0695953746735518,0.31785910724763256,1.2176614414405251,5,1,5,4,0,-4
9093,0.8727392794564534,1.5192394859035052,0.7244578950949556,4,6,3,-2,1,3
8063,1.0458105254225911,0.4116613885336562,1.1119720710009786,4,2,5,2,-1,-3
9069,0.6123522485903486,1.0180039816925155,0.8960915564815066,3,4,4,-1,-1,0
9655,0.4265900275314677,0.8961749595210257,1.3445337672273392,2,4,6,-2,-4,-2
6975,1.4406482425060505,1.3253049233974663,0.1748766373384902,6,6,1,0,5,5
9446,0.4927931897385728,1.1925996832067225,0.9752228071720236,2,5,4,-3,-2,1
7235,1.3272745168339508,0.738244200102652,0.7727206302010766,6,3,3,3,3,0
9267,0.951609931270304,1.659802778765043,0.7755725491048209,4,7,3,-3,1,4
7601,1.3296904036531263,1.4247237428898438,0.14064151780734052,6,6,1,0,5,5
6649,1.8002829414209989,0.7622147136991102,1.2050820827726254,8,3,5,5,3,-2
7305,1.30760961866839,0.8192127524161059,0.681268863851449,6,4,3,2,3,1
9678,0.3347050575570961,1.0465262295358748,1.204621049977323,1,4,5,-3,-4,-1
8205,0.9462357231305336,0.9398202053646496,0.6468100410329622,4,4,3,0,1,1
6991,1.3746665408112682,1.0908524265788009,0.4128675893548571,6,5,2,1,4,3
6716,1.6299554029351095,0.9010688121087772,0.8273273616172375,7,4,4,3,3,0
8198,1.0425441483290214,0.3709064408114519,1.1660616939587558,4,2,5,2,-1,-3
9149,0.5897441231561197,0.8191627446785372,1.084895406354876,3,4,5,-1,-2,-1
8487,0.8681796086834841,0.8284675146699474,0.7887651344142331,4,4,3,0,1,1
7561,1.2758566432645488,1.2534545009869509,0.243869372981332,5,5,1,0,4,4
8432,0.8975662453217776,0.6827286825533361,0.9037235627240896,4,3,4,1,0,-1
8603,1.181486886045653,1.6767898612328491,0.5384479875351997,5,7,2,-2,3,5
8731,0.8334372195579098,1.1552179783911338,0.6396169371115068,4,5,3,-1,1,2
7121,1.4175311612465864,1.310858758693983,0.18089681657472445,6,6,1,0,5,5
9035,1.0549302695034444,1.7149233943318123,0.7246133801070178,5,7,3,-2,2,4
7820,1.1073537343145643,0.4418034987593737,1.0518092982889875,5,2,4,3,1,-2
6676,1.7124221127626595,0.8092749336944096,1.0272692311773046,7,3,4,4,3,-1
7790,1.0808577195800926,0.9645369722046347,0.551986035948572,5,4,2,1,3,2
9365,0.7045892207401074,0.625255365076499,1.3887904600159553,3,3,6,0,-3,-3
9624,0.5786892849481727,0.7875067242887631,1.4904788166596987,2,3,6,-1,-4,-3
9334,0.8880363089750845,0.5319233194497732,1.5811654004011706,4,2,7,2,-3,-5
9062,0.8441303405127552,1.4620189795371452,0.7117977877868896,4,6,3,-2,1,3
8460,1.138094949989083,1.5425000579480312,0.4454185199201194,5,7,2,-2,3,5
7731,1.3936548302128262,1.655393829168731,0.28668673480441553,6,7,1,-1,5,6
8493,1.0805763340174726,0.2429822837807717,1.3708157035064283,5,1,6,4,-1,-5
7134,1.395905649546323,1.2461866961469799,0.24661401259479185,6,5,1,1,5,4
8227,1.0305250906334702,0.390122210943714,1.1498064185143728,4,2,5,2,-1,-3
8584,1.1844146107364404,1.6675137737899648,0.5242782933983756,5,7,2,-2,3,5
9277,0.5634517826833307,0.8365815338688812,1.1016700621572788,2,4,5,-2,-3,-1
8635,0.8609356230789439,1.1567135911830622,0.6130250490331066,4,5,3,-1,1,2
9525,0.6293652992314912,0.7245288756050592,1.4632941732950306,3,3,6,0,-3,-3
6687,1.697671154092599,0.8196177960593156,0.9969471664288284,7,4,4,3,3,0
9499,0.8522650200841451,0.6368008097646158,1.6618891843407633,4,3,7,1,-3,-4
6651,1.7903227555784058,0.7650383158770577,1.1866238958538964,8,3,5,5,3,-2
9487,0.6458259740927286,0.7022718186950824,1.4490029164730904,3,3,6,0,-3,-3
8646,1.1599525200595138,1.6737639229633212,0.5587050692346149,5,7,2,-2,3,5
8266,1.0104994424311446,0.42476697338291536,1.1199122038395974,4,2,5,2,-1,-3
8179,1.0552733654862003,0.3488686178497082,1.185893935699627,5,1,5,4,0,-4
8681,0.8099121231205242,1.039753902463601,0.6971817490821411,3,4,3,-1,0,1
6757,1.5300323552675268,1.1750956433493454,0.42077351950565894,7,5,2,2,5,3
9190,0.9247247427473632,1.6134288739366274,0.7553644290932359,4,7,3,-3,1,4
8863,0.7101230738962767,0.9897337883702532,0.8134894632474227,3,4,3,-1,0,1
8662,0.7999413977878497,0.9704642242323704,0.7417057074162409,3,4,3,-1,0,1
9617,0.4786086898848093,0.8511687666544702,1.3951812798471706,2,4,6,-2,-4,-2
9342,0.7440686319417245,0.5946125514681931,1.4243023801083443,3,3,6,0,-3,-3
9174,0.5839014725828156,0.8271165465548402,1.0831356228031792,2,4,5,-2,-3,-1
7807,1.215908602188687,0.2016078864180736,1.2836527841623409,5,1,5,4,0,-4
8388,0.9209025706851862,0.6220203783209455,0.9510795158180494,4,3,4,1,0,-1
7932,1.3118384197247217,1.6696388610685913,0.38829159763936577,6,7,2,-1,4,5
9406,0.6862705243027386,0.6479351091789586,1.4067358129052248,3,3,6,0,-3,-3
9249,0.6084212575122684,1.1683183105058428,0.8601624780680408,3,5,4,-2,-1,1
7785,1.1285979393057837,0.4579369110293043,1.030026133782355,5,2,4,3,1,-2
9297,0.9423878115097912,1.6662311902401634,0.7932147016578631,4,7,3,-3,1,4
6767,1.5950224475860029,0.4774316206859238,1.2614667281263905,7,2,5,5,2,-3
8066,1.0316454236248718,1.1800240268454674,0.4510840126315449,4,5,2,-1,2,3
9353,0.7168716480829516,0.6150632115082463,1.3986075381050018,3,3,6,0,-3,-3
8119,0.9625271243489596,0.6670283608266597,0.8775507701801198,4,3,4,1,0,-1
9388,0.6934531132194375,0.6377592274289151,1.3947172346629366,3,3,6,0,-3,-3
7688,1.1738626470232938,0.4938204114541261,0.9889371656351028,5,2,4,3,1,-2
6657,1.762343999291896,0.77704189290301,1.1316428073680511,8,3,5,5,3,-2
9273,0.7815417734803657,0.5589227150162789,1.4319040336702284,3,2,6,1,-3,-4
6620,1.8821494701158463,0.7538231635825391,1.3509796984143994,8,3,6,5,2,-3
6670,1.715598535701228,0.8076370906560696,1.0332072398738328,7,3,4,4,3,-1
8218,1.0343301794402588,0.38347214213147146,1.1556828939199175,4,2,5,2,-1,-3
7602,1.2577221038795436,1.2470552412857507,0.2565921067966228,5,5,1,0,4,4
7682,1.1759905363027228,0.494191796642151,0.9885214793027582,5,2,4,3,1,-2
8482,1.2257693492819397,1.6814119661086029,0.495345135884083,5,7,2,-2,3,5
7126,1.3931911614757473,1.2335820999570446,0.2598875233112681,6,5,1,1,5,4
9524,0.6285104021054759,0.7250155558649186,1.4624365800685983,3,3,6,0,-3,-3
7950,1.0621503935664294,0.4084637114371893,1.1065025129588737,5,2,5,3,0,-3
8703,0.91361822963046,0.4261115988649445,1.2477215691512675,4,2,5,2,-1,-3
8912,0.6887116251848354,0.9997583360231972,0.8289562782062415,3,4,4,-1,-1,0
6870,1.4498809108099566,1.2011416306577123,0.32685847394744866,6,5,1,1,5,4
7894,1.1066207224492939,1.2535530189622606,0.3658750984865084,5,5,2,0,3,3
7486,1.3010751049821287,1.2662980960199202,0.22454781649829375,6,5,1,1,5,4
9014,0.6876972454186191,1.1573186927931036,0.7820563592829978,3,5,3,-2,0,2
7508,1.3046737152598356,1.2875439475294577,0.2068038041754768,6,6,1,0,5,5
8034,1.0643466959009522,0.3732313499064097,1.1476249023394849,5,2,5,3,0,-3
9396,0.6909967688062287,0.6417893289571072,1.4012863318917077,3,3,6,0,-3,-3
7530,1.2336264948395377,1.0500439012088676,0.4337166212990457,5,4,2,1,3,2
9447,0.6573514647257291,0.6856147501375235,1.4350475947322925,3,3,6,0,-3,-3
7088,1.386569562494469,1.1950582991747112,0.30089820722023297,6,5,1,1,5,4
8278,1.1083685567820134,0.2325514920262127,1.3190159570931599,5,1,6,4,-1,-5
7600,1.3317211398374569,1.4291134646930344,0.13946163466151595,6,6,1,0,5,5
6950,1.5541683259796957,1.5781202930061493,0.10141462790916483,7,7,0,0,7,7
7166,1.4047712287270115,1.2870611039180218,0.2034103213456604,6,6,1,0,5,5
7900,1.1043606009031306,1.2580889404935598,0.3671195575390117,5,5,2,0,3,3
6943,1.410956888421883,1.1847218166637734,0.3233237081115563,6,5,1,1,5,4
9172,0.58340182454171,0.8289150311182728,1.081541509438642,2,4,5,-2,-3,-1
6681,1.707588266078249,0.8121515425611744,1.0178477220421192,7,3,4,4,3,-1
8233,1.1023557031729017,1.3988245622732869,0.3879663844064877,5,6,2,-1,3,4
7333,1.5242132223704767,1.6223951005663748,0.14522694009572065,7,7,1,0,6,6
8372,0.9300576925492504,0.6006276683588943,0.9680364227081024,4,3,4,1,0,-1
9664,0.35842216298100843,1.184029384526921,1.1107864363525064,2,5,5,-3,-3,0
6755,1.531172482806628,1.1652475365576034,0.43310325983597897,7,5,2,2,5,3
7712,1.1799683328508186,0.436551107171097,1.0462309811122916,5,2,4,3,1,-2
7644,1.2243037917367905,0.40815376831512895,1.0762256882275296,5,2,5,3,0,-3
7697,1.1887328607813068,0.4300837755988679,1.0525821236955513,5,2,4,3,1,-2
9530,0.8471991967479523,0.6551072123233883,1.67585515718773,4,3,7,1,-3,-4
8988,0.6679807729071856,0.7475521437024027,1.0673651596364926,3,3,5,0,-2,-2
9430,0.4821564200213749,0.8842250967097564,1.1711341339461394,2,4,5,-2,-3,-1
7198,1.3382397372288266,0.7031672850036179,0.8135762411436974,6,3,3,3,3,0
9609,0.7350674011903159,0.7276378460865446,1.6311419849650766,3,3,7,0,-4,-4
8327,1.2552583834575075,1.674006979767568,0.4542997359331454,5,7,2,-2,3,5
8957,1.0825173260727818,1.7110662099061442,0.6891833529830804,5,7,3,-2,2,4
8290,0.9828708681979319,0.4846439851026914,1.0652840757349311,4,2,5,2,-1,-3
7734,1.16152137004898,0.4565986035795682,1.0270120835011756,5,2,4,3,1,-2
6717,1.6258200879781837,0.9082948741753444,0.8148431366660349,7,4,3,3,4,1
9037,0.8217790921809097,1.4142096958358028,0.7054206591609973,4,6,3,-2,1,3
9091,0.6178502762015528,0.779784613585478,1.0968067735887015,3,3,5,0,-2,-2
9200,0.5642543268480333,0.9090077930663366,1.0207240398964859,2,4,4,-2,-2,0
9351,0.7138209645501414,0.6173017271096688,1.3949923089640828,3,3,6,0,-3,-3
6893,1.534358984052396,1.4843992516986586,0.08219676638532081,7,6,0,1,7,6
8440,0.8978056519590858,0.6693514864558233,0.917391368495718,4,3,4,1,0,-1
6800,1.5198067126875423,1.3436037416446305,0.2156572732650311,6,6,1,0,5,5
9473,0.6500750503659957,0.6958853563250983,1.4433656039784126,3,3,6,0,-3,-3
8491,0.8772715882660709,0.9582470093106796,0.6847486772551056,4,4,3,0,1,1
7808,1.0732883843019263,1.0161061800519515,0.5144542236572861,5,4,2,1,3,2
8361,1.016739984926461,0.3737463788422024,1.1854809504895736,4,2,5,2,-1,-3
9523,0.4255787847142997,0.9226727945357884,1.2208146859955875,2,4,5,-2,-3,-1
7339,1.4521746150534405,1.4775763154948245,0.016735253777878423,6,6,0,0,6,6
9466,0.4580416060524922,0.8996880568806225,1.1929167297764338,2,4,5,-2,-3,-1
6634,1.8342735382722413,0.7546546157230124,1.2680845700278518,8,3,5,5,3,-2
7765,1.0999398856273674,0.9684548861076614,0.5408446867520048,5,4,2,1,3,2
7083,1.3726541087119244,1.1324257732980918,0.3658200278381326,6,5,2,1,4,3
9575,0.3859661470035931,0.952103649777659,1.2565773649051182,2,4,5,-2,-3,-1
6669,1.7177029558298047,0.8051598193311339,1.0387491065006549,7,3,4,4,3,-1
7828,1.1166519124628325,1.2067955841573377,0.371194801635916,5,5,2,0,3,3
8144,1.07760815908556,0.3097926765121397,1.2222729411773166,5,1,5,4,0,-4
9540,0.8440446354642557,0.6680474392047246,1.6859389241885316,4,3,7,1,-3,-4
7703,1.4057672294907468,1.6570757843843085,0.2771627611335599,6,7,1,-1,5,6
8811,0.8809946408422666,0.4464483757914163,1.2870692181912005,4,2,6,2,-2,-4
9057,0.7984244304602612,0.5263153464143008,1.3636417810498194,3,2,6,1,-3,-4
9591,0.8013873724939128,0.7135729230222223,1.6885867390929925,3,3,7,0,-4,-4
8152,1.0597257772518105,0.34472285501508043,1.187993713069536,5,1,5,4,0,-4
8613,1.1761074756512089,1.6766219601235808,0.5441911759131528,5,7,2,-2,3,5
7752,1.3873102826043082,1.6562001793796834,0.2939390135659013,6,7,1,-1,5,6
8763,0.8956454596035281,0.4385893919184134,1.2608434905978123,4,2,5,2,-1,-3
7365,1.3068475393818493,1.0209718054690025,0.467891540914402,6,4,2,2,4,2
8269,1.0043142640934637,0.4377798102893776,1.1079024407549627,4,2,5,2,-1,-3
7741,1.1580732342437507,0.4606955999208104,1.0231534095334318,5,2,4,3,1,-2
6697,1.7771715570150073,0.6442484092171169,1.3199371535450846,8,3,6,5,2,-3
6737,1.5698879592270538,1.022102125203852,0.6312486115004255,7,4,3,3,4,1
9634,0.654860185094335,0.7540794031243757,1.5612170267819072,3,3,7,0,-4,-4
8867,1.0826070983985423,1.6711970410144374,0.6418331142755471,5,7,3,-2,2,4
9555,0.8401345385486207,0.683222061545312,1.6973101337877008,4,3,7,1,-3,-4
8738,0.8319975534046232,1.1544118919418331,0.6411372884398618,4,5,3,-1,1,2
9486,0.447615252000767,0.9072829945467952,1.2011322622929244,2,4,5,-2,-3,-1
8236,1.021758326865231,0.4084037292089108,1.1325196697488062,4,2,5,2,-1,-3
8936,0.6940993216436221,1.0535206024300767,0.8002481111158359,3,5,3,-2,0,2
9614,0.8144866652080528,0.7141811451897924,1.702464771207966,3,3,7,0,-4,-4
7987,1.0618842333675969,0.392429736026144,1.1256552773661723,5,2,5,3,0,-3
8565,0.901996105352918,1.1596467370413557,0.5736283134925615,4,5,2,-1,2,3
8682,0.8017766071718452,0.6968944910339859,0.9704574300405256,3,3,4,0,-1,-1
9335,0.5410342876631185,0.8479104022223506,1.1219164418522458,2,4,5,-2,-3,-1
7304,1.3185067797790515,1.0136002996179525,0.4784729939556415,6,4,2,2,4,2
7761,1.3827396400800311,1.6571116467893487,0.2996196007378408,6,7,1,-1,5,6
7684,1.199703307020876,0.4172819082003447,1.0655059527910602,5,2,5,3,0,-3
6829,1.438379603140491,0.7663671883230204,0.8030255756909229,6,3,3,3,3,0
9278,0.5994553072528014,1.1700896190084369,0.8690259178039392,3,5,4,-2,-1,1
8984,0.8321482359746426,0.4912243772454646,1.3527419654438324,4,2,6,2,-2,-4
8527,1.1680184010474433,1.6151205012395238,0.4835939014815749,5,7,2,-2,3,5
9159,0.5766972525742915,0.8619134778821315,1.051662570371616,2,4,4,-2,-2,0
8377,0.931714213228251,0.5902088201774491,0.9784819986536544,4,3,4,1,0,-1
9255,0.558037284305706,1.0117256577290392,0.9557315958517236,2,4,4,-2,-2,0
7937,1.1428649117348209,0.2417803767587691,1.2665765057598044,5,1,5,4,0,-4
7691,1.1487599605175154,1.0334922849517787,0.4676347525565089,5,4,2,1,3,2
7411,1.2768180635667,1.0109426633552965,0.4735369991229468,5,4,2,1,3,2
8818,0.7850231143487596,1.1533960897645257,0.6867739995308664,3,5,3,-2,0,2
9253,1.0028831861218774,1.7171098306009809,0.785521640668298,4,7,3,-3,1,4
8558,0.8571549406125998,0.6826190422941453,0.9354731940964848,4,3,4,1,0,-1
8143,1.0617088842807207,0.3422902924790176,1.1897446809025958,5,1,5,4,0,-4
6930,1.5308528571801443,1.5150824930876017,0.06328766551246348,7,6,0,1,7,6
8656,0.8046420512636066,0.9903844673108688,0.7263039316025316,3,4,3,-1,0,1
6774,1.5037086053885544,1.2388992046679443,0.3235943854203533,6,5,1,1,5,4
6908,1.5388447504537857,1.5151224487194008,0.07215138832599323,7,6,0,1,7,6
6933,1.3812710171012277,0.7486445388347386,0.7870113686985238,6,3,3,3,3,0
7332,1.302287109873811,0.8837360404630743,0.6119364881208589,6,4,3,2,3,1
9194,0.5666200434540756,0.8953897370903319,1.030395248272366,2,4,4,-2,-2,0
9674,0.33205165636728523,1.0890589699075617,1.172513078993536,1,5,5,-4,-4,0
9198,0.930380289786522,1.6225053897579576,0.7585636213640904,4,7,3,-3,1,4
6805,1.5187458091502368,1.3489558222107387,0.20836302091556044,6,6,1,0,5,5
7213,1.402771816903629,1.298530602918827,0.18979911631312768,6,6,1,0,5,5
7593,1.3347015596714142,1.4315168347966636,0.13677309370811255,6,6,1,0,5,5
8367,0.9398274447491748,0.5712332101634039,0.9941083345128552,4,2,4,2,0,-2
8386,0.908548913692943,0.957261443939962,0.6614307286635582,4,4,3,0,1,1
8827,0.7780485613489093,1.1531519021921144,0.6936071754545324,3,5,3,-2,0,2
8966,0.8335476643771361,0.4892297886389378,1.3407024659770712,4,2,6,2,-2,-4
8398,0.9123682658481757,0.6474346677922179,0.9298730895151786,4,3,4,1,0,-1
8896,0.6946756046674497,0.9942458994937212,0.825986495038834,3,4,4,-1,-1,0
8700,0.8179283931235194,1.0846269062607126,0.6722883223537155,3,5,3,-2,0,2
7426,1.2647747127225968,1.008404241041447,0.4750264063874882,5,4,2,1,3,2
9601,0.8209690808312093,0.7124989651105641,1.707243152306937,4,3,7,1,-3,-4
7149,1.3854432008696953,1.2167312823232848,0.2761384336044257,6,5,1,1,5,4
9145,0.7919561857523095,0.5410834810199601,1.4075149534487703,3,2,6,1,-3,-4
7094,1.3889050931068556,1.2076142099597302,0.2876246651974621,6,5,1,1,5,4
8705,0.8168106948381432,1.0883767813611112,0.6720605133297864,3,5,3,-2,0,2
9087,0.6045375495661519,1.020420669959647,0.9029296311511812,3,4,4,-1,-1,0
7589,1.2213327001980308,0.5373412050701253,0.9480194781487308,5,2,4,3,1,-2
9272,0.7799699166170656,0.5599122803029323,1.4300444895507345,3,2,6,1,-3,-4
7910,1.2088473509098692,0.14278845174270113,1.3576894412545004,5,1,6,4,-1,-5
7341,1.3008661342730026,0.9031932553520852,0.5910570415143506,6,4,3,2,3,1
8155,1.1564734462120771,0.17467019332005085,1.3672862966480863,5,1,6,4,-1,-5
8036,1.056557713805352,0.3896286732477424,1.1322228495397553,5,2,5,3,0,-3
8991,0.7906904062108414,1.3315384273054491,0.6997061406546651,3,6,3,-3,0,3
7973,1.1149161311568012,0.2789697419595319,1.2358225830587304,5,1,5,4,0,-4
8441,0.8980011947682461,0.6682827145611838,0.9183636634339888,4,3,4,1,0,-1
8509,1.1579525945667284,1.5936699875577776,0.4723738851769721,5,7,2,-2,3,5
8312,0.9702172237336174,0.5102850858546409,1.043448721800542,4,2,4,2,0,-2
8668,0.9206112149131824,0.4214801442451822,1.2429453636164254,4,2,5,2,-1,-3
9372,0.8836207376989442,0.5433783209558662,1.590152408657884,4,2,7,2,-3,-5
8983,0.7864091359511608,1.318978464984446,0.6999107540515961,3,6,3,-3,0,3
7623,1.23791324615415,0.4086035392507516,1.0775615459924814,5,2,5,3,0,-3
9281,0.5613359390387046,0.8350542303263185,1.1071428892155948,2,4,5,-2,-3,-1
7843,1.052744262612138,0.9665109828483665,0.5634951106257245,4,4,2,0,2,2
7023,1.3716783521540192,1.0970343230521498,0.4047977200820563,6,5,2,1,4,3
7049,1.3745424857292252,1.1269167707476708,0.3726677601660433,6,5,2,1,4,3
8648,0.8041126065728296,0.9749079543296748,0.7354699866150035,3,4,3,-1,0,1
6834,1.5243414160415434,1.3970560178498312,0.15849829454139994,7,6,1,1,6,5
6998,1.3693900303578947,1.0662267654328457,0.4380272905240937,6,5,2,1,4,3
8479,1.2234512540979647,1.6769105684717027,0.4924565134805486,5,7,2,-2,3,5
6887,1.4091315178358017,0.7479712837985577,0.8036794630482046,6,3,3,3,3,0
6703,1.6728681486431216,0.844832633995553,0.9385370395394784,7,4,4,3,3,0
8408,0.9128865347053424,0.6351232318868305,0.9426754429345642,4,3,4,1,0,-1
7428,1.4881802291852932,1.628360141743557,0.17102488261413545,6,7,1,-1,5,6
7481,1.3009839076803666,1.2631764222431252,0.2271004829572779,6,5,1,1,5,4
8469,0.8758169227219175,0.7850653747546109,0.8209259466864791,4,3,4,1,0,-1
9450,0.8597701870301139,0.6111057617729138,1.6420278376873738,4,3,7,1,-3,-4
6883,1.4853081742026666,1.344873534066537,0.1825956138283476,6,6,1,0,5,5
7096,1.3869042141126209,1.2001303484375911,0.29531371302762705,6,5,1,1,5,4
8182,1.0996937388352666,1.380630186268735,0.38369138453044027,5,6,2,-1,3,4
7176,1.4062019965226649,1.2943453755773429,0.1956332192346044,6,6,1,0,5,5
8325,0.9677971084207676,0.5090078710866647,1.0467548971378249,4,2,4,2,0,-2
6820,1.4405803670544723,0.7674772111629184,0.8033453597162923,6,3,3,3,3,0
9081,0.7956990199018136,0.5311486757516103,1.3784411878235865,3,2,6,1,-3,-4
8131,1.0935083682247586,0.2820614270836558,1.2489702272810466,5,1,5,4,0,-4
8993,0.830817036057505,0.4929622398756254,1.3578080630590563,4,2,6,2,-2,-4
8043,1.2935783110851315,1.6706543622252752,0.4089484903535524,6,7,2,-1,4,5
7997,1.0712981164894886,0.36971065052969065,1.1477322875096367,5,2,5,3,0,-3
9259,0.5709704828471242,0.8290807805963455,1.1002157317277086,2,4,5,-2,-3,-1
6962,1.563147623765183,1.6050972139839317,0.12471295407631143,7,7,1,0,6,6
8859,0.7608704279935611,1.1562131117525296,0.7100001549093444,3,5,3,-2,0,2
7760,1.144874401171955,0.4682488097895606,1.0169012146912957,5,2,4,3,1,-2
7273,1.3186415117616053,0.7584451322808367,0.7484514753041861,6,3,3,3,3,0
7205,1.3995306693404928,1.285851299186813,0.20306427972632865,6,5,1,1,5,4
9493,0.6429483857689796,0.7062178872413699,1.4517387394425565,3,3,6,0,-3,-3
8262,1.266510003377288,1.6740182369713963,0.4421362075768641,5,7,2,-2,3,5
8890,1.0899705314795878,1.6918441645355151,0.6577867516243361,5,7,3,-2,2,4
8273,1.1221794915012584,0.21253849444277012,1.3408227974771174,5,1,6,4,-1,-5
6704,1.6698031623801102,0.8478294489087582,0.9315720582716156,7,4,4,3,3,0
8665,0.8070816983074577,1.0133227216825995,0.7121535223769824,3,4,3,-1,0,1
7259,1.4714632808872767,1.486319214180864,0.003978424501091874,6,6,0,0,6,6
7375,1.3725917571557953,1.2950921367075912,0.18786824631758528,6,6,1,0,5,5
7665,1.2140918448153717,1.2311565484315123,0.29049359490400445,5,5,1,0,4,4
6792,1.4914751152152141,1.221406076626222,0.3338159198030169,6,5,1,1,5,4
7438,1.2558601799729945,1.0055652223746032,0.4773911877817009,5,4,2,1,3,2
8158,1.0121182625914378,1.176021894558391,0.4692816963984528,4,5,2,-1,2,3
7849,1.101524700323678,0.4375020806839116,1.0580831092401748,5,2,5,3,0,-3
8721,0.8143691300411691,1.087857508638128,0.6744914105106172,3,5,3,-2,0,2
9343,0.731567084796472,0.6034444748213783,1.4112387344700803,3,3,6,0,-3,-3
7732,1.1642690043812631,0.45127833878009604,1.0321829861038958,5,2,4,3,1,-2
9361,0.7069059066956377,0.6231661047268426,1.3899515356952523,3,3,6,0,-3,-3
8135,1.0641948009355662,0.3388044158591386,1.1925465405830686,5,1,5,4,0,-4
8976,0.7816919326466434,1.3053689022343655,0.7006783533646525,3,6,3,-3,0,3
9621,0.5185539372427501,0.8228366944849574,1.4340906799552684,2,4,6,-2,-4,-2
9452,0.4893317204084794,1.1933413725535804,0.9786863622247876,2,5,4,-3,-2,1
7400,1.4244950238583165,1.4665740733761254,0.04510876705406858,6,6,0,0,6,6
6617,1.8907127127194296,0.7549314509636879,1.3649226108021772,8,3,6,5,2,-3
9559,0.39508512155912695,0.9448671180499871,1.2489632028632451,2,4,5,-2,-3,-1
8992,0.6525166428104746,1.0062995590443666,0.8612864398843483,3,4,4,-1,-1,0
6723,1.6042795381591823,0.9439094886040378,0.7526348010333299,7,4,3,3,4,1
8490,1.1497651885476061,1.5731930624310255,0.4610691428830748,5,7,2,-2,3,5
9381,0.5245842610326074,0.8572791027122169,1.1360511815504972,2,4,5,-2,-3,-1
8828,0.7391551745038492,0.7156386310239509,1.016298439890634,3,3,4,0,-1,-1
6786,1.4983937437272157,1.2294794152803812,0.3300922199836955,6,5,1,1,5,4
7027,1.3669865398739165,1.0705682568483392,0.43226798265859145,6,5,2,1,4,3
9579,0.8346614951062088,0.7028392231530342,1.7112559453824985,4,3,7,1,-3,-4
7031,1.3634634350360977,1.0483802124580066,0.4553511114310232,6,4,2,2,4,2
7982,1.1060577908495552,0.2952602019585126,1.220241272762042,5,1,5,4,0,-4
8380,0.9253020299131782,0.6118588777433471,0.9590390689766332,4,3,4,1,0,-1
7909,1.1694482093368703,0.2144749498378221,1.285908108113616,5,1,5,4,0,-4
8961,0.7738319806134529,1.2778132100448238,0.7019665004459497,3,5,3,-2,0,2
9318,0.9444328773700668,1.675967519069154,0.8021154026000947,4,7,3,-3,1,4
9294,0.5880238361261131,1.1719041967621553,0.8803656620700535,3,5,4,-2,-1,1
6979,1.3656361221752642,0.7240956694022921,0.8046057106544269,6,3,3,3,3,0
9116,0.8917467683373961,1.556206287266765,0.735939474761603,4,7,3,-3,1,4
9074,0.6278990126602569,0.7701591105799968,1.0951635304049825,3,3,5,0,-2,-2
9209,0.562615607006447,0.917066799943198,1.0156140973765762,2,4,4,-2,-2,0
7355,1.3040828126787778,0.9830689592274175,0.5074412645795942,6,4,2,2,4,2
6688,1.6955014391345782,0.8230506122005328,0.9903788752196924,7,4,4,3,3,0
9009,0.8045767193510627,0.5181643889992003,1.3356175337477545,3,2,6,1,-3,-4
9607,0.7204033635323757,0.7313181241510854,1.6179540264664254,3,3,7,0,-4,-4
8572,0.8497483619299916,0.6839314527344181,0.9403612542984368,4,3,4,1,0,-1
8502,1.1544549636017798,1.5857482609996425,0.4682558818656007,5,7,2,-2,3,5
6927,1.4179251080802626,1.1886713132235105,0.3223606929183005,6,5,1,1,5,4
9124,0.5980857695951727,0.8060794333686805,1.0900101805832745,3,3,5,0,-2,-2
7471,1.3047702486422457,1.2627087941233843,0.2263411279728265,6,5,1,1,5,4
6993,1.4336005000640006,1.3186568590055958,0.17902274515095468,6,6,1,0,5,5
9298,0.9840216002967505,1.7148647708140738,0.803958361313651,4,7,3,-3,1,4
8107,1.0731756111177548,0.32696974887667496,1.2016884943901962,5,1,5,4,0,-4
6769,1.5198921367252405,1.267158745591013,0.3050179144980847,6,5,1,1,5,4
7831,1.0592345191935608,0.992953002421065,0.5394457506148614,5,4,2,1,3,2
7387,1.4368484877366845,1.4717491819860435,0.03254296141495775,6,6,0,0,6,6
8903,0.7529534097950145,1.1888564738158618,0.7152493821491677,3,5,3,-2,0,2
9285,0.9470627793073094,1.665244759285914,0.7868433129215692,4,7,3,-3,1,4
8826,1.097954737310366,1.6691046557235147,0.6222846052003541,5,7,3,-2,2,4
8354,0.939323582844346,0.5803053753681131,0.9841639792741562,4,2,4,2,0,-2
7545,1.238412606512735,0.5523360449462572,0.9356546470160988,5,2,4,3,1,-2
8874,0.7557775044208456,1.1578807984368902,0.7147947409599731,3,5,3,-2,0,2
8566,1.1992843552986778,1.6796425587859078,0.5222351242600433,5,7,2,-2,3,5
6923,1.4187409230431582,1.1879209880948514,0.32365609942813417,6,5,1,1,5,4
7616,1.4319042974050795,1.6421305079904562,0.2336110412272488,6,7,1,-1,5,6
7246,1.3299742046986804,0.7137505828187952,0.7991747829766556,6,3,3,3,3,0
6758,1.5289947371975026,1.184995265296115,0.408458476456502,7,5,2,2,5,3
7580,1.447118199393411,1.6373939354960816,0.21411536992698807,6,7,1,-1,5,6
8853,0.7249193014269829,0.7233211917780069,1.023929110415272,3,3,4,0,-1,-1
7695,1.171277389000185,0.4911050648156973,0.9917331851145724,5,2,4,3,1,-2
8020,1.0758053977632729,0.3550573554967365,1.163125647415339,5,2,5,3,0,-3
7247,1.334533932626973,0.6803117277667317,0.8355493107657878,6,3,4,3,2,-1
8071,1.0259476370739848,0.4596760777627379,1.0668032971209973,4,2,5,2,-1,-3
8847,0.7659694103912604,1.154569501421204,0.7052163325217081,3,5,3,-2,0,2
9154,0.7972358997406289,0.5383007995175235,1.4171148765375918,3,2,6,1,-3,-4
7570,1.2069095673781904,0.991784709686141,0.4925498655636793,5,4,2,1,3,2
8439,0.8925526855052467,0.7014628875056939,0.8883636932195026,4,3,4,1,0,-1
9348,0.7207302342190824,0.6118904853341398,1.4015969279520524,3,3,6,0,-3,-3
9208,0.5621780961090369,0.9254979768070728,1.0089975576933008,2,4,4,-2,-2,0
6793,1.5199773961759715,1.329471899823655,0.2323313574231003,6,6,1,0,5,5
7113,1.3924108497839205,1.2274160101820375,0.2665695936172659,6,5,1,1,5,4
6955,1.4055827564578742,1.183221320569864,0.32242400146561856,6,5,1,1,5,4
8350,1.1149572441511224,1.4614637344481431,0.40811290449724186,5,6,2,-1,3,4
7099,1.3745164954373703,1.1499610328771686,0.3469711504952138,6,5,1,1,5,4
8284,1.0325414226886531,0.3691160238811234,1.1770260045294023,4,2,5,2,-1,-3
9036,0.7998945193613544,0.5234493662895404,1.3484880914479496,3,2,6,1,-3,-4
6813,1.4764679591499958,1.2125536019962335,0.3323731617701475,6,5,1,1,5,4
9543,0.4113921892608135,0.9321259060869792,1.235509053919237,2,4,5,-2,-3,-1
8529,0.8594434978298185,0.916376969320034,0.7271344821988578,4,4,3,0,1,1
8970,0.7789867676401182,1.294908950695168,0.7006418787624329,3,6,3,-3,0,3
8677,0.8126828656507772,1.0504245109128985,0.6900873402241188,3,4,3,-1,0,1
7781,1.0971420075452258,1.0220069231124198,0.4981304443543607,5,4,2,1,3,2
8446,1.1338416399872815,1.5299634982577242,0.4391603636343576,5,7,2,-2,3,5
7955,1.0962957120651942,1.30113094353924,0.371797781720464,5,6,2,-1,3,4
7835,1.0552649182402745,0.9687028614122788,0.5604913901730924,5,4,2,1,3,2
9622,0.5278655159584641,0.8168323301725587,1.4429591248688942,2,3,6,-1,-4,-3
7954,1.0619703208544735,0.40646668696998617,1.1089381727494094,5,2,5,3,0,-3
9101,0.5967229843030619,1.0228914304926544,0.909783523183138,3,4,4,-1,-1,0
7374,1.297013307737405,0.9438638834377144,0.5472259479429394,6,4,2,2,4,2
6785,1.5186667742849171,1.3035400171119564,0.2613985498089029,6,6,1,0,5,5
8212,0.947645746185642,0.9574661104763568,0.6332492869754422,4,4,3,0,1,1
7971,1.1065145469274922,0.29606308698394485,1.2188742906676184,5,1,5,4,0,-4
7388,1.4185437282599946,0.3129863057439989,1.2537073585921938,6,1,5,5,1,-4
8288,0.9941622680794472,0.45671221016652896,1.0915673838754658,4,2,5,2,-1,-3
9237,0.5739184360589364,0.8308955285044414,1.0931772737786156,2,4,5,-2,-3,-1
9240,0.5575590979929167,0.9775268139226719,0.9761680388204526,2,4,4,-2,-2,0
9269,0.5666695069513135,0.8345987779177718,1.0993543648125166,2,4,5,-2,-3,-1
8213,1.034861759391498,0.38420694657674015,1.1542781533318034,4,2,5,2,-1,-3
7607,1.1977849066025783,1.0449385750709508,0.4438813789378893,5,4,2,1,3,2
6660,1.7504009233068551,0.7841669247197733,1.1066109738841698,7,3,5,4,2,-2
8710,0.8071383898716689,1.055297543185893,0.6931123767980173,3,5,3,-2,0,2
7082,1.3749890330154428,1.1430709026554782,0.35482714902036194,6,5,2,1,4,3
8771,0.8110658290298981,1.1529484703258464,0.661564210925278,3,5,3,-2,0,2
8663,1.1561264476262318,1.673352987544107,0.5624659843590344,5,7,2,-2,3,5
8887,0.8445104536579849,0.4800483109420016,1.2999198062271309,4,2,6,2,-2,-4
8850,0.7649491350192725,1.1548962924230994,0.7061722253990993,3,5,3,-2,0,2
9618,0.4889430072242559,0.8434077717666022,1.4054068645306048,2,4,6,-2,-4,-2
8111,0.9540749913569176,0.7390932250793758,0.8119539361496118,4,3,3,1,1,0
6934,1.5002429120592502,0.3873245671532575,1.252463593033845,6,2,5,4,1,-3
6799,1.4516947644696476,0.7721527441333622,0.8061217564195527,6,3,3,3,3,0
8758,1.1309810885803289,1.670439745237127,0.5870114982127642,5,7,3,-2,2,4
8576,1.0588769848751023,0.2639109634474045,1.3892734270022429,5,1,6,4,-1,-5
6919,1.3905551414038204,0.7382786515378257,0.803003882855258,6,3,3,3,3,0
8468,0.8852590624236135,0.958989249810866,0.6780219047202339,4,4,3,0,1,1
8817,0.8723970996120269,0.4565779675496716,1.2773110868607902,4,2,5,2,-1,-3
8542,0.8645687969932009,0.6813938508279795,0.9306251685920008,4,3,4,1,0,-1
7454,1.2492921984048129,1.004294590306673,0.4784507775558842,5,4,2,1,3,2
8508,1.2187299055460663,1.6812766292338264,0.502873053564412,5,7,2,-2,3,5
9175,0.7948596760300535,0.5412342259481181,1.4188603748229631,3,2,6,1,-3,-4
7359,1.315358889180417,0.6347978694321932,0.8743378448869883,6,3,4,3,2,-1
7154,1.403382299322126,1.2797828487525509,0.21118873117943546,6,5,1,1,5,4
7769,1.1589513235335076,1.2129161723250337,0.3366613039682618,5,5,1,0,4,4
8257,1.0063558121606413,0.43717588366690496,1.1071271219755172,4,2,5,2,-1,-3
7416,1.4121460407750217,1.4614893904469248,0.05769254802904227,6,6,0,0,6,6
9457,0.4618614182220503,0.8974779350800559,1.1889011705630286,2,4,5,-2,-3,-1
7750,1.3902077079317516,1.6595397434601968,0.29535627350368504,6,7,1,-1,5,6
8838,0.8616979433150106,0.4652577757709743,1.2859557765059717,4,2,5,2,-1,-3
8037,1.057003256936636,0.3885503727939403,1.1332713628830908,5,2,5,3,0,-3
6825,1.4719091540605471,1.2100955004112333,0.3318267197820865,6,5,1,1,5,4
8458,0.8917812076632978,0.6739256352374684,0.917104131718786,4,3,4,1,0,-1
8693,1.1499931475752183,1.6722155316733622,0.5679418421432553,5,7,2,-2,3,5
6680,1.7070107357964421,0.8142237834045711,1.014761469131336,7,3,4,4,3,-1
7478,1.2380602657489062,1.007500345674918,0.4752164932515114,5,4,2,1,3,2
8865,0.8529274563262109,0.4725972139155527,1.2936513910811602,4,2,6,2,-2,-4
9420,0.4926959039195676,0.8769047432740049,1.163064277778136,2,4,5,-2,-3,-1
6818,1.5211074098182855,1.3724060150502744,0.1834401721567971,7,6,1,1,6,5
7747,1.1525929298464062,0.4679665667408269,1.0163055929818958,5,2,4,3,1,-2
8918,0.7341686300109005,1.153285572640681,0.7365879513615102,3,5,3,-2,0,2
7636,1.198031111546908,0.516842948897956,0.966324029061732,5,2,4,3,1,-2
9391,0.5174549001651467,0.8613560028640731,1.1423636570669446,2,4,5,-2,-3,-1
7641,1.2274273489200065,0.4090204035150797,1.0757260341563055,5,2,5,3,0,-3
9282,0.7768712917452625,0.5638654482738711,1.4324271925665006,3,2,6,1,-3,-4
6956,1.405322963617044,1.1821597614007873,0.32351311870087385,6,5,1,1,5,4
8971,0.6751533037669467,0.744333329381136,1.0616452051440473,3,3,5,0,-2,-2
7490,1.4702278137118212,1.6359973628322997,0.1936210102553367,6,7,1,-1,5,6
8121,0.9513722138222912,0.7632840302911331,0.7908779746052479,4,3,3,1,1,0
7735,1.1621969558603944,0.4544123539513911,1.0291701160366835,5,2,4,3,1,-2
6987,1.3746211496451737,1.084819380795317,0.41955482059575977,6,5,2,1,4,3
7191,1.3390707086448272,0.7056301272874476,0.8113892473440198,6,3,3,3,3,0
7557,1.4559383512922517,1.6393885405047726,0.20932580614426888,6,7,1,-1,5,6
6826,1.523131236310589,1.383430748676137,0.17280647868034624,7,6,1,1,6,5
7135,1.382629100372374,1.1990577467635992,0.29498219218536376,6,5,1,1,5,4
8090,0.9869143071828944,0.572483803858096,0.9624875484771469,4,2,4,2,0,-2
7554,1.3529436814614424,1.438786121145765,0.11827500968339705,6,6,1,0,5,5
7504,1.3029573982541418,1.2800437696563265,0.21311399709198445,6,5,1,1,5,4
7873,1.0914121359189397,0.4281601862191137,1.071499716945101,5,2,5,3,0,-3
9551,0.40033146695672783,0.9415989538066429,1.2424765391036923,2,4,5,-2,-3,-1
8650,0.8032167923260205,0.9695884654647359,0.7393544693567841,3,4,3,-1,0,1
9013,0.8050729875936777,1.3716556283898724,0.701047941761865,3,6,3,-3,0,3
7940,1.3063303707772236,1.6664925800934358,0.3902500131672121,6,7,2,-1,4,5
6969,1.399689076405831,1.1796190940313915,0.3238006229428839,6,5,1,1,5,4
8426,0.9012662907483308,0.6674777957278653,0.9168060159118072,4,3,4,1,0,-1
9250,0.5569307535888149,0.9948693693594554,0.9662566993203736,2,4,4,-2,-2,0
6711,1.6471325597823252,0.8749997712824421,0.8752395989723373,7,4,4,3,3,0
8808,0.7478390860612797,0.7150698298852619,1.0068964636509117,3,3,4,0,-1,-1
9141,0.7996188290505156,0.5353718622165351,1.4153750033227432,3,2,6,1,-3,-4
8259,1.014592202425462,0.4170527497869161,1.1267725983126688,4,2,5,2,-1,-3
7204,1.4045415983539875,1.300920768899701,0.18765238415113,6,6,1,0,5,5
8690,0.8155888441569769,1.0691256989251063,0.6800003216582591,3,5,3,-2,0,2
8304,1.1108174218828075,1.4373933088930315,0.3979202755880438,5,6,2,-1,3,4
9431,0.669358751634157,0.6700235354159767,1.4243292733912318,3,3,6,0,-3,-3
6744,1.5509704895009253,1.0767970432211424,0.5518628893751044,7,5,2,2,5,3
7128,1.3800800024103146,1.1854243047903437,0.3093538721430176,6,5,1,1,5,4
6686,1.6993101377538151,0.8183410079622585,1.0004305325928722,7,3,4,4,3,-1
8250,1.0112286569240618,0.4273293198517878,1.116044004166136,4,2,5,2,-1,-3
9581,0.8337465746432293,0.7050459352900126,1.7125106440008049,4,3,7,1,-3,-4
8680,0.8107286034172289,1.0429543155149814,0.6950426743013389,3,4,3,-1,0,1
9566,0.39001398543910176,0.9488813364556068,1.2531892440125858,2,4,5,-2,-3,-1
8122,0.951882949223014,0.7545385150335999,0.7987051852295943,4,3,3,1,1,0
9166,0.5865216069255037,0.8210889282432684,1.0871710227668328,3,4,5,-1,-2,-1
9217,0.7893415712248979,0.5480959402602666,1.422954963025903,3,2,6,1,-3,-4
6985,1.3945763489115814,1.1792281350214653,0.3219972725757461,6,5,1,1,5,4
8403,0.9591049031324924,1.1662601572612596,0.5193334324712501,4,5,2,-1,2,3
7071,1.3772671370519087,1.1486810040552888,0.3494171870906216,6,5,1,1,5,4
7340,1.308248879153585,0.9913742909833893,0.4996101184649833,6,4,2,2,4,2
6683,1.7928334640097243,0.6581746525104737,1.3272876366344788,8,3,6,5,2,-3
8560,1.202390854100553,1.6803245454914375,0.5196376527687945,5,7,2,-2,3,5
7883,1.2126778618910043,0.15242790159416855,1.3418115996548678,5,1,6,4,-1,-5
8435,0.8950965695648689,0.6915591568080421,0.8965099975028364,4,3,4,1,0,-1
8921,0.7000783850595642,1.0581396477036535,0.7927710403695586,3,5,3,-2,0,2
7496,1.4674687444260657,1.6325919870706986,0.19130142979505246,6,7,1,-1,5,6
8941,1.0894764447127745,1.7099103004651364,0.6800407010855366,5,7,3,-2,2,4
6846,1.427601014802497,0.7589680259183186,0.8037023025918482,6,3,3,3,3,0
6992,1.506599789030172,1.5026618984819118,0.03881975974114698,6,6,0,0,6,6
9096,1.0324904427871755,1.7175810264699405,0.7529292169580344,4,7,3,-3,1,4
7477,1.302689342376623,1.2623949361114268,0.2272148954285679,6,5,1,1,5,4
7047,1.3617551505143028,1.0509144570190438,0.4518961651744184,6,4,2,2,4,2
8577,1.1954092785998345,1.6791085567207291,0.5258593125774828,5,7,2,-2,3,5
8480,0.8704913372387227,0.8139989899280582,0.7993661827902516,4,3,3,1,1,0
8366,0.9346468524831808,0.5904664684133337,0.9760805893369794,4,3,4,1,0,-1
8616,1.1745465521234753,1.6756873112706228,0.5448116440524354,5,7,2,-2,3,5
7609,1.4369484037844562,1.640513673240248,0.2270131136931561,6,7,1,-1,5,6
6916,1.5465764023079562,1.5380433484001337,0.07906576227990775,7,7,0,0,7,7
8607,1.1783968587338938,1.67615675867529,0.5411110485942466,5,7,2,-2,3,5
7993,1.0672122828588682,0.3794410511224977,1.1382655010622946,5,2,5,3,0,-3
8206,1.0386884111345198,0.3775557149143105,1.1601655056383426,4,2,5,2,-1,-3
7758,1.145929996459748,0.468357196928565,1.016658805688751,5,2,4,3,1,-2
8770,0.8984890953124782,0.4325970738489877,1.2736732652081708,4,2,5,2,-1,-3
6787,1.495525438680442,1.2218361970335492,0.33663149385471797,6,5,1,1,5,4
8294,1.10833985978813,1.429511407694411,0.3963039070101554,5,6,2,-1,3,4
8430,1.1290360687180592,1.516337123431088,0.4330688217403567,5,6,2,-1,3,4
9156,0.5794244335401653,1.025576557661308,0.9263885513501038,2,4,4,-2,-2,0
7863,1.096493114003486,0.4311384242209795,1.066517924506691,5,2,5,3,0,-3
7429,1.4007873915819675,1.4566484764164074,0.06920610292004202,6,6,0,0,6,6
6823,1.5219206750333265,1.3773864287043378,0.17851429841501545,7,6,1,1,6,5
6833,1.4351898565814245,0.7637551385427053,0.8036486594951447,6,3,3,3,3,0
7563,1.4519553086729582,1.6368876441735158,0.20937012018729612,6,7,1,-1,5,6
6631,1.83834363275306,0.7544094382611947,1.275055388848128,8,3,5,5,3,-2
8934,0.8323283867905643,0.4911282952243339,1.309923044712215,4,2,6,2,-2,-4
6982,1.3724960102013537,1.0661261685017471,0.4394139308296475,6,5,2,1,4,3
8021,1.0878932506032148,0.3281772486701841,1.1894782975588716,5,1,5,4,0,-4
7743,1.157689020036956,0.4583729536790134,1.0255397136642628,5,2,4,3,1,-2
7499,1.3024405073856635,1.2758235440107677,0.2165521837853553,6,5,1,1,5,4
7934,1.0983854971940534,1.2874881595421472,0.3697791335920356,5,6,2,-1,3,4
8003,1.097378204021881,0.3115802852878655,1.204686383448645,5,1,5,4,0,-4
9349,0.724576490591874,0.6091509754522478,1.4061300106792138,3,3,6,0,-3,-3
9468,0.8577358090714791,0.6185555302860702,1.6480311543267463,4,3,7,1,-3,-4
9202,0.5649257991165308,0.9015581310485681,1.0266965597891642,2,4,4,-2,-2,0
9287,0.7737855502731685,0.5678255600301854,1.4348195784325022,3,2,6,1,-3,-4
8463,0.9979669936999788,0.3727553695302761,1.2090783457216734,4,2,5,2,-1,-3
9514,0.6345709814400855,0.7185936999846118,1.4615475893483392,3,3,6,0,-3,-3
8625,0.9352535600404828,0.41174540137168303,1.2345346320549428,4,2,5,2,-1,-3
7009,1.3584894865649035,0.7357718180672901,0.7889267564604012,6,3,3,3,3,0
8860,0.7595925835441446,1.1530583435613355,0.7116590645980592,3,5,3,-2,0,2
8239,1.1376556284192625,0.1943024214751068,1.3558214608132588,5,1,6,4,-1,-5
7599,1.3291585599799762,1.4215360607297218,0.14055672754444215,6,6,1,0,5,5
9051,0.6212558098396449,1.015166529599263,0.8883923758935678,3,4,4,-1,-1,0
7157,1.387097137385666,1.22611742203418,0.2661678150389361,6,5,1,1,5,4
7418,1.4962137491668248,1.6305763160036997,0.16882617604280706,6,7,1,-1,5,6
7292,1.3226730703844949,1.020844740097843,0.4718098699651256,6,4,2,2,4,2
7021,1.3848637877240244,1.1596957785366575,0.34002361232390194,6,5,1,1,5,4
8074,0.9720316134539658,0.9571568528354696,0.6171757836271949,4,4,3,0,1,1
8283,0.9976553805691104,0.45004698393436704,1.0973459891819108,4,2,5,2,-1,-3
8434,0.9003742596532512,0.6666748523445896,0.918297881410738,4,3,4,1,0,-1
8518,1.2132650928284707,1.6772679753290796,0.5040430141263481,5,7,2,-2,3,5
7167,1.404420445516836,1.2859860550256923,0.20450942405634004,6,5,1,1,5,4
6977,1.3967252809220794,1.1798067491948403,0.32227065029342034,6,5,1,1,5,4
7164,1.406536790616494,1.2924370366805868,0.19791533848927612,6,6,1,0,5,5
7585,1.2012788859686645,0.9898887555790676,0.49500997402015,5,4,2,1,3,2
9038,0.6290708467363211,1.012866509375736,0.8815899809409288,3,4,4,-1,-1,0
6653,1.8387989856221616,0.6993673765845273,1.349877526324296,8,3,6,5,2,-3
7555,1.3111215551905049,1.3423800273809552,0.16954153685586634,6,6,1,0,5,5
6696,1.6825237443937615,0.8346409158419442,0.9614871695265048,7,4,4,3,3,0
8612,0.8269375176873845,0.6914949970085049,0.9524526049839316,4,3,4,1,0,-1
7403,1.3505801620194469,1.2847780972286842,0.19815758149355972,6,5,1,1,5,4
8345,1.2543187262496085,1.677662120344601,0.4597532015873402,5,7,2,-2,3,5
9481,0.6479955991137261,0.6993160199413834,1.446956530554989,3,3,6,0,-3,-3
7492,1.3019392833566863,1.271605562576824,0.22003056171101573,6,5,1,1,5,4
6970,1.367071432276994,0.7414708847855507,0.7871719752173362,6,3,3,3,3,0
8291,0.984402626338979,0.4803852791508167,1.0693822750416522,4,2,5,2,-1,-3
8174,1.062276350380229,0.33593492691717697,1.1981097873575839,5,1,5,4,0,-4
7914,1.102319674676375,1.270468051013218,0.36725905681300497,5,5,2,0,3,3
9616,0.3823397515223959,1.2210845643248198,1.086160345369232,2,5,5,-3,-3,0
9677,0.3330236194531029,1.0578400555038563,1.1957911349025812,1,5,5,-4,-4,0
8849,0.7168497192089847,0.9884596615582848,0.8077521170533294,3,4,3,-1,0,1
8694,0.8203065677762598,1.0886312187478049,0.6687461631307823,4,5,3,-1,1,2
7257,1.3260248881068954,0.7282137689405553,0.7826284486182881,6,3,3,3,3,0
8649,0.8037498654092778,0.9727799022861344,0.7370212907431152,3,4,3,-1,0,1
7169,1.3926371259021786,1.2483892730347206,0.2429961738197424,6,5,1,1,5,4
9497,0.640801756665219,0.7091811391060803,1.4537960621910244,3,3,6,0,-3,-3
7308,1.3062179560696299,0.8345657646444463,0.66475168388686,6,4,3,2,3,1
9422,0.4902554098259361,0.8791911892841127,1.163919280848438,2,4,5,-2,-3,-1
9330,0.7526979767255312,0.5876085053775615,1.4297866364695149,3,3,6,0,-3,-3
9153,0.5825196556950235,0.8433124609367549,1.0649707329880975,2,4,5,-2,-3,-1
7264,1.3304617508886314,1.031084083149681,0.4629604796639917,6,4,2,2,4,2
8634,0.816082227648715,0.6905860767899464,0.963598160882204,3,3,4,0,-1,-1
9150,0.9096457127130372,0.4851279232123895,1.5471241144021168,4,2,7,2,-3,-5
7838,1.0615855032527348,1.0116972088023148,0.5239513141181945,5,4,2,1,3,2
7035,1.3705904723221425,1.0967304668335625,0.4047085770848508,6,5,2,1,4,3
7208,1.397082390333486,1.278319808303836,0.21077132916105104,6,5,1,1,5,4
7174,1.3445442709100763,1.0338799676356294,0.4643195999121473,6,4,2,2,4,2
6954,1.556430456996427,1.5863099829578917,0.10804362504935447,7,7,0,0,7,7
7844,1.1159408383595495,1.2134259590403569,0.36922716749613377,5,5,2,0,3,3
7704,1.1679452073669851,0.4871485525495986,0.9958341307764368,5,2,4,3,1,-2
9341,0.7401430876957318,0.5971949668967192,1.4197331795968302,3,3,6,0,-3,-3
7321,1.3149308825420092,1.0106221680708092,0.4807497207980807,6,4,2,2,4,2
9234,0.5580848034425991,0.9684014854770704,0.9815718443426636,2,4,4,-2,-2,0
8794,0.8867955178315602,0.4417411148027593,1.2825717696412509,4,2,5,2,-1,-3
8855,1.0846291830113817,1.6692017183907464,0.6372766885890699,5,7,3,-2,2,4
9058,0.9272320643042248,0.4512981254198221,1.5230869452752185,4,2,7,2,-3,-5
8513,1.161570645178261,1.6003678600732156,0.4752236565617455,5,7,2,-2,3,5
8417,0.906088221344644,0.6530375628848103,0.928474328020206,4,3,4,1,0,-1
8059,1.0428500092187376,0.41922205372205495,1.1046548477017992,4,2,5,2,-1,-3
9615,0.8174998484147228,0.7138835192709845,1.7051700577006963,3,3,7,0,-4,-4
7575,1.3370206250999417,0.2490732379454476,1.2615984642340838,6,1,5,5,1,-4
7880,1.198093840381171,0.18249579565433832,1.3112336536363824,5,1,6,4,-1,-5
7779,1.0897717834962384,0.965882048644344,0.5470970337673068,5,4,2,1,3,2
6986,1.3932797199597855,1.1739082087335102,0.327469390198713,6,5,1,1,5,4
9322,0.7606119160479189,0.5821649326020829,1.4374485974822733,3,2,6,1,-3,-4
8727,0.9162502081454847,0.4196009892505816,1.2605715751541506,4,2,5,2,-1,-3
8734,0.7899341500902983,0.6969275887867761,0.982364432157923,3,3,4,0,-1,-1
8108,1.2836229695307242,1.6725210989816135,0.4218911572957584,5,7,2,-2,3,5
8190,1.1010363400315395,1.3851115729984222,0.3838616080623885,5,6,2,-1,3,4
8309,1.1111433282118386,1.439688106083573,0.3988837000847065,5,6,2,-1,3,4
8099,1.0756466190447775,0.3252766452364356,1.2020717399788166,5,1,5,4,0,-4
8401,1.0079130504503064,0.3760580980844253,1.1914160619358471,4,2,5,2,-1,-3
7115,1.390598082739814,1.2209916835361097,0.27316103786416235,6,5,1,1,5,4
6762,1.6087623018793884,0.4899626854458721,1.2644789106548824,7,2,5,5,2,-3
8473,1.2281245132190344,1.6810637824216181,0.4923544409151311,5,7,2,-2,3,5
6873,1.5294082192883869,1.4507107665188967,0.10595139547992516,7,6,0,1,7,6
8714,0.8134542351152407,1.0811768602063054,0.6775993533715836,3,5,3,-2,0,2
7384,1.5163893301032558,1.6269176752293142,0.15372621923682694,6,7,1,-1,5,6
6628,1.8764772327666888,0.7325461776749649,1.3707627047575093,8,3,6,5,2,-3
7250,1.3332860415318954,1.0287688457258028,0.4662869784448875,6,4,2,2,4,2
8507,0.984387699733512,0.3800796739382937,1.2147868715091599,4,2,5,2,-1,-3
8793,0.7553859916030667,0.7116551057815569,1.0024008276397989,3,3,4,0,-1,-1
7911,1.102949494354471,1.2670842098775377,0.3670793917893208,5,5,2,0,3,3
6729,1.5881731476217062,0.9775861121506604,0.6988638514658586,7,4,3,3,4,1
8431,0.8965259657664971,0.9592343126736226,0.6691863625407732,4,4,3,0,1,1
8209,1.0558453771338538,0.3408170847704615,1.1967037780768357,5,1,5,4,0,-4
7572,1.4508195085843112,1.640882030939076,0.21551803371615705,6,7,1,-1,5,6
9502,0.43876249129040895,0.911788828749156,1.2123192328403625,2,4,5,-2,-3,-1
6856,1.4232006333351916,0.7568054353745942,0.8031420892737154,6,3,3,3,3,0
7156,1.4009832498382702,1.2722622312378369,0.21888171244163668,6,5,1,1,5,4
7969,1.0604457440770043,0.4007008896659661,1.1165817791436503,5,2,5,3,0,-3
8385,0.9640274493445776,1.167871688710724,0.5144531152084431,4,5,2,-1,2,3
7294,1.3119647313818452,0.7921411308829203,0.7109945505029015,6,3,3,3,3,0
9671,0.3361558622939589,1.1201255784304602,1.1508605300022814,1,5,5,-4,-4,0
6671,1.7158007262036152,0.806963882307107,1.0342362880582814,7,3,4,4,3,-1
7867,1.0968382137820036,1.1948472913649018,0.3916197054361562,5,5,2,0,3,3
9546,0.4054394829022236,0.9376253067347224,1.238268265648785,2,4,5,-2,-3,-1
9470,0.4819174005441018,1.1963688280643583,0.986122354946576,2,5,4,-3,-2,1
7050,1.3734348581512892,1.121603299161855,0.3781617135283484,6,5,2,1,4,3
8687,0.8013692758142016,0.6942501075224647,0.9738310657708046,3,3,4,0,-1,-1
7672,1.2060845058110363,0.4117337882016343,1.0712668029705903,5,2,5,3,0,-3
9595,0.8029210615256474,0.7144240965828575,1.6910246156205009,3,3,7,0,-4,-4
6770,1.5195331416828908,1.2764628828968398,0.2938375678986794,6,5,1,1,5,4
9509,0.6366809851947488,0.7156181474949146,1.4594760512009504,3,3,6,0,-3,-3
9675,0.3317899100758135,1.0782974219565842,1.1803610148854131,1,5,5,-4,-4,0
7976,1.060722006523101,0.3976449019267616,1.1200683652090764,5,2,5,3,0,-3
7631,1.1734414459729623,0.9830300180593096,0.5059718113023783,5,4,2,1,3,2
6675,1.7122237810997616,0.8099552219332489,1.026240300537912,7,3,4,4,3,-1
8790,0.7479352933179698,0.9813571780640876,0.7824225664730391,3,4,3,-1,0,1
6644,1.8166201388527476,0.7584380523006864,1.2350302997473082,8,3,5,5,3,-2
7397,1.2901128787624947,1.014944671188631,0.4711658141386921,6,4,2,2,4,2
6650,1.7947523385225277,0.7630757541628901,1.195660465573665,8,3,5,5,3,-2
9187,0.5822576676957602,0.8266054458124628,1.0862575917372217,2,4,5,-2,-3,-1
8061,1.044959705557543,0.4138209932997166,1.1098808845877688,4,2,5,2,-1,-3
7786,1.1292846141465414,0.4557357512401402,1.0321684489730552,5,2,4,3,1,-2
8265,1.0044885525745733,0.43959778749958267,1.1054498487734874,4,2,5,2,-1,-3
7925,1.0065904095521625,0.9590800058850768,0.5943951789426756,4,4,3,0,1,1
7675,1.1565685959915524,1.0352158451481968,0.463543195342541,5,4,2,1,3,2
6973,1.5609204067641054,1.6074787715683094,0.12624704946123802,7,7,1,0,6,6
7738,1.1774579169534325,1.2191150599897296,0.32067663270778585,5,5,1,0,4,4
9625,0.5895232645623917,0.7819548454888241,1.5004627004298745,3,3,6,0,-3,-3
7114,1.391500832043893,1.2242035947213898,0.2698651796094107,6,5,1,1,5,4
9303,0.7676533383252022,0.575766041535767,1.4396332054248304,3,2,6,1,-3,-4
9095,0.6151084088960882,0.7828654608281371,1.0966126095279742,3,3,5,0,-2,-2
7139,1.3490782562188028,1.0361634571764564,0.4633868724518917,6,4,2,2,4,2
7815,1.0676497934351703,1.014988904945862,0.5182475473040292,5,4,2,1,3,2
7352,1.2998535914741545,0.9237819755154804,0.5690891806829329,6,4,2,2,4,2
6665,1.8084983437862945,0.6721853016638666,1.3347854474520622,8,3,6,5,2,-3
6880,1.4124308904859189,0.7495468394282669,0.8040377700576329,6,3,3,3,3,0
8807,0.7885105093188197,1.1535340587482965,0.6833586196424616,3,5,3,-2,0,2
8200,1.0518146154012071,0.35093039369773604,1.185898890614132,4,1,5,3,-1,-4
8279,1.2648331566919662,1.6753576316126366,0.4455773557103173,5,7,2,-2,3,5
8583,1.1867774410996257,1.6707923602542691,0.5255178774065672,5,7,2,-2,3,5
7930,1.0688806599165743,0.41354560010521696,1.0972182305775715,5,2,5,3,0,-3
8133,0.9478721708475608,0.8029297900682152,0.7569993041190808,4,3,3,1,1,0
8718,0.8026818393547202,1.0427972507148,0.7023865035098837,3,4,3,-1,0,1
9010,0.8296834514984747,0.4953948566399624,1.3698610015032622,4,2,6,2,-2,-4
8804,0.7905554572213075,1.1529252315664318,0.6814586718584279,3,5,3,-2,0,2
8749,0.7881890050772489,1.039944840127416,0.7168168084466162,3,4,3,-1,0,1
6951,1.5229291132916198,1.5112686521631151,0.05525468350405161,7,6,0,1,7,6
7163,1.4134218260259654,1.3128758291853746,0.17704372191893514,6,6,1,0,5,5
9023,0.8283491057996869,0.4976581313303329,1.376443703407315,4,2,6,2,-2,-4
7771,1.1064655964545256,1.0255986561401251,0.4910085748034929,5,4,2,1,3,2
8702,0.8181984457542685,1.0891726679403817,0.6705143211969066,3,5,3,-2,0,2
9201,0.5646579515975376,0.9043488690089369,1.0244520498981289,2,4,4,-2,-2,0
7502,1.2496497888446982,0.5636484363677038,0.9265198454250996,5,2,4,3,1,-2
8336,1.255922782571501,1.6774812580272689,0.4577962662313689,5,7,2,-2,3,5
9594,0.7591806244875499,0.7214093193460515,1.6517123046215492,3,3,7,0,-4,-4
7109,1.352982061797176,1.0413241637455513,0.4591377026608229,6,4,2,2,4,2
7195,1.341105813207858,1.0319120834102369,0.4653227267514373,6,4,2,2,4,2
9435,0.667139590080328,0.6733879825485306,1.427874707963906,3,3,6,0,-3,-3
8799,1.1076236619913775,1.668925937403739,0.6112889926058522,5,7,3,-2,2,4
9477,0.648617105290506,0.6978511925246556,1.4447259545389937,3,3,6,0,-3,-3
7804,1.3570492573188535,1.6598521464674156,0.32899660958879073,6,7,1,-1,5,6
9189,0.7925076835974759,0.5437049766327852,1.419091190809341,3,2,6,1,-3,-4
6827,1.516089667539634,1.3633216568663988,0.1889516089882146,6,6,1,0,5,5
8938,0.727625626824833,1.154392629410616,0.7428981286286782,3,5,3,-2,0,2
7679,1.2036307424174981,0.41234198735025424,1.0705550957335008,5,2,5,3,0,-3
6690,1.6940556752282008,0.8236443259524794,0.9879238430171438,7,4,4,3,3,0
9063,0.6338286576848596,0.7651678259419765,1.0932413721857734,3,3,5,0,-2,-2
7927,1.0697095371964709,0.41653532436713614,1.0934061832211888,5,2,5,3,0,-3
7646,1.1732715480120195,1.0389410611140446,0.4552510617360444,5,4,2,1,3,2
9279,0.9498616563704304,1.6652867755273033,0.7837503496278977,4,7,3,-3,1,4
6862,1.4520322320008272,1.2018114731884315,0.32750148179959315,6,5,1,1,5,4
8210,1.1102142813888494,0.2400486355439387,1.3006935506217705,5,1,6,4,-1,-5
8115,0.9573659336344232,0.7052270235898103,0.8426182933419866,4,3,4,1,0,-1
8534,0.8591016362955649,0.93300811243352,0.7158581697091664,4,4,3,0,1,1
6801,1.450594377293398,0.7715846505315609,0.8059464958635147,6,3,3,3,3,0
8776,1.1196416656755324,1.66952276985794,0.5985783874404619,5,7,3,-2,2,4
8630,1.16686126324285,1.6747852538686618,0.5522513566488825,5,7,2,-2,3,5
8671,0.8081758752468168,1.0231978831543205,0.7063549035275574,3,4,3,-1,0,1
9389,0.6941877950799593,0.6375824006655568,1.3971521813798753,3,3,6,0,-3,-3
8237,1.034220657735576,0.3799137203015756,1.1605746467319529,4,2,5,2,-1,-3
8785,1.1151383118004583,1.6694445180680602,0.6035074776330615,5,7,3,-2,2,4
7690,1.1936630331750573,0.4252808692464696,1.057407195626321,5,2,5,3,0,-3
8746,0.9103011671615449,0.4238330305631786,1.2649055406335463,4,2,5,2,-1,-3
8396,1.241642662492611,1.6756151270882005,0.471040816427289,5,7,2,-2,3,5
8270,1.0068807184543742,0.43142559496243305,1.1140968495829944,4,2,5,2,-1,-3
6647,1.8523957150678467,0.7114498990570837,1.3571017068246156,8,3,6,5,2,-3
7739,1.1253349846729974,1.0286610042232618,0.4804643164021393,5,4,2,1,3,2
8823,0.7312097642518393,0.9846374167522876,0.7962283692262099,3,4,3,-1,0,1
7060,1.3697774628013732,1.1085615474618185,0.3912663764041803,6,5,2,1,4,3
7079,1.381973653032266,1.1729143893916545,0.32405791515825216,6,5,1,1,5,4
9644,0.3483213552760234,1.0039015722980908,1.2383417970701345,1,4,5,-3,-4,-1
8296,0.9318407520989852,0.9560999404781596,0.6452565800771911,4,4,3,0,1,1
8424,1.239150684966392,1.680727149464801,0.4799371757552239,5,7,2,-2,3,5
8561,1.1984558969882082,1.674855123891236,0.5174409009714911,5,7,2,-2,3,5
8709,0.8083117617573319,1.0595619378934218,0.6903370395368634,3,5,3,-2,0,2
6858,1.4212185322357234,0.7639890600614707,0.7942547573705955,6,3,3,3,3,0
8319,0.9649510806748516,0.5204424986154143,1.0351391418260112,4,2,4,2,0,-2
7016,1.3672052900353313,1.0655956561085336,0.4378485508431828,6,5,2,1,4,3
8647,0.8042961819120192,0.9759721077641522,0.7346955869220014,3,4,3,-1,0,1
8599,0.8360433462526259,0.6864498178105229,0.9496775184632096,4,3,4,1,0,-1
7065,1.5567092046063717,1.6210141154120716,0.13837137350958864,7,7,1,0,6,6
7842,1.0593231142346828,0.9995721981214228,0.5343201071767225,5,4,2,1,3,2
9005,0.6602269059557576,0.7526837460707136,1.0714073277920722,3,3,5,0,-2,-2
8979,0.7046812473504882,1.1555984353425934,0.7654141248498086,3,5,3,-2,0,2
7086,1.3498007045478118,0.7311503938210939,0.7896811281424503,6,3,3,3,3,0
8845,1.088223407312364,1.668070932410975,0.6319619515074605,5,7,3,-2,2,4
9394,0.5156449272530413,0.8619262092577501,1.1447186601206467,2,4,5,-2,-3,-1
9258,0.5551031084765456,0.9887283874117908,0.971888390865626,2,4,4,-2,-2,0
8289,0.9331002196277776,0.9570475587279264,0.6437080320071218,4,4,3,0,1,1
8717,0.8032326643138938,1.0449268976050292,0.7009735006575247,3,4,3,-1,0,1
8402,1.1216602770765831,1.493601690653479,0.4233747886814779,5,6,2,-1,3,4
8448,0.8863004297796502,0.7341560198466182,0.8607428062355201,4,3,4,1,0,-1
7226,1.3345343098142848,0.6963499445828824,0.8190333262985042,6,3,4,3,2,-1
8022,1.0771803812093086,0.3499124341073888,1.1687177974176748,5,1,5,4,0,-4
9585,0.38791488042448985,1.2236403544034322,1.0808035816713513,2,5,5,-3,-3,0
9034,0.9336260406965368,0.4400533767680691,1.515520475560655,4,2,6,2,-2,-4
8994,1.0702895841376558,1.7143589631535812,0.706803963202682,5,7,3,-2,2,4
8902,1.0945752409765166,1.705344791475318,0.6688409697654498,5,7,3,-2,2,4
8962,0.7126675906186747,1.1550203569439996,0.75758366054481,3,5,3,-2,0,2
9383,0.6950877996894016,0.6354821437923307,1.3918832229326514,3,3,6,0,-3,-3
7833,1.0573630555176086,0.9819302095432724,0.5489791725546433,5,4,2,1,3,2
8391,1.013959676836225,0.3671042543710428,1.1988933423456023,4,2,5,2,-1,-3
8113,0.9555162130182672,0.7227027698900903,0.8267571910779209,4,3,4,1,0,-1
9301,0.7700124111444774,0.5738080936801911,1.4408773569220157,3,2,6,1,-3,-4
8712,0.7961889938398045,0.69534875192304,0.9777834275793365,3,3,4,0,-1,-1
8344,0.955258850289692,0.5357077297622852,1.0241186582477988,4,2,4,2,0,-2
7155,1.4023494391185387,1.276559441392823,0.21448552079051253,6,5,1,1,5,4
6725,1.5995840193670596,0.950260722648437,0.7407580832323891,7,4,3,3,4,1
8246,1.0256613207508425,0.395307006582826,1.1467573679430778,4,2,5,2,-1,-3
7125,1.3941236082084467,1.236796681025472,0.2565916393099363,6,5,1,1,5,4
8228,1.0385616331665908,0.372223211730716,1.167500027639456,4,2,5,2,-1,-3
8610,0.8286591191874856,0.6880091554644554,0.9546760468494591,4,3,4,1,0,-1
9056,0.6190784038697418,1.0161179552562467,0.8901474617038435,3,4,4,-1,-1,0
8660,0.8058888020494269,1.0023843901157663,0.7187941678268804,3,4,3,-1,0,1
8707,0.8110332897043857,1.0691611203503046,0.6841552646777186,3,5,3,-2,0,2
8334,0.9540865652856092,0.5458196228355556,1.0131244786876192,4,2,4,2,0,-2
8222,1.0448982431886498,0.36034260310365135,1.1786085687254375,4,2,5,2,-1,-3
9011,0.9393940056700836,0.4299369856027601,1.5085181932558265,4,2,6,2,-2,-4
6693,1.6892179813922046,0.8276469653558678,0.9774744306625992,7,4,4,3,3,0
8795,0.9988172415196442,0.3381003984575337,1.446149814583114,4,1,6,3,-2,-5
8611,1.1768700588627568,1.6764661777182626,0.5431641556359939,5,7,2,-2,3,5
6928,1.3862768106496486,0.7352965493639411,0.8037494589308573,6,3,3,3,3,0
7922,1.2048839851667916,0.1411214180960261,1.3637693378015507,5,1,6,4,-1,-5
7526,1.244734645159432,0.5598758760491852,0.9293017671247346,5,2,4,3,1,-2
7312,1.3050631832149635,0.8562693283497254,0.6416245301057175,6,4,3,2,3,1
7081,1.3804218309373892,1.166514885470379,0.3306498363792765,6,5,1,1,5,4
7634,1.230855487709157,0.4123348410907496,1.0728941873289024,5,2,5,3,0,-3
6978,1.3962049613500678,1.1776796129343887,0.3244574933472101,6,5,1,1,5,4
8457,0.8807880208964187,0.7585323040338067,0.8416223799621415,4,3,4,1,0,-1
9472,0.4545458148587381,0.9027619534259174,1.1946378873165029,2,4,5,-2,-3,-1
7959,1.1253311215525217,0.2632017672874209,1.249771254839371,5,1,5,4,0,-4
7975,1.060289486043506,0.39872908045288974,1.1190183390226514,5,2,5,3,0,-3
9211,0.5782159406700111,0.8282946738015228,1.090111655423348,2,4,5,-2,-3,-1
8684,0.8154297229365998,1.0645799609387805,0.6818833297752549,3,5,3,-2,0,2
9136,0.5914411523510136,0.8226584410156589,1.0778064420602058,3,4,5,-1,-2,-1
9619,0.4986578237554226,0.8363977822053347,1.4149090877535702,2,4,6,-2,-4,-2
8139,1.0975171312574037,0.2731874553162857,1.2587789530800733,5,1,5,4,0,-4
7649,1.222890785259688,0.4089364567608007,1.0753051821587285,5,2,5,3,0,-3
6698,1.6809494004901568,0.8360556890100757,0.9580043335806192,7,4,4,3,3,0
6694,1.6872811988767664,0.8304699814233696,0.9719358504485418,7,4,4,3,3,0
7277,1.3262593519833548,1.0238336275113709,0.4695780878002229,6,4,2,2,4,2
8054,1.0533306249809136,0.3952496869827865,1.1273252898515176,5,2,5,3,0,-3
9600,0.8099297653627706,0.7136105005606632,1.6973226786351694,3,3,7,0,-4,-4
7534,1.2419852870133916,0.5567876690170217,0.931861401778994,5,2,4,3,1,-2
8055,1.0542138774363654,0.3930931474237238,1.1294207543614676,5,2,5,3,0,-3
9084,1.0371951185675108,1.7168874067280888,0.7468194769143429,4,7,3,-3,1,4
8946,0.7656546602109074,1.2457218583056568,0.7050001582937097,3,5,3,-2,0,2
8787,0.7993935470090743,1.1550736175753706,0.6725513221415199,3,5,3,-2,0,2
7423,1.3323588544823979,1.2743834256483106,0.20995829512842965,6,5,1,1,5,4
8125,0.9598383941243808,0.9572335563093128,0.6251448530837709,4,4,3,0,1,1
7271,1.3204292197137488,0.7505958609674219,0.757268918797062,6,3,3,3,3,0
8536,0.859718615204123,0.9461767920738302,0.7065546095928988,4,4,3,0,1,1
8057,1.0957926947066032,1.3306284119760166,0.3749772476688061,5,6,2,-1,3,4
9510,0.8509136702145839,0.6452939036334777,1.6694802299655491,4,3,7,1,-3,-4
7473,1.2399223408226596,1.0057217795608555,0.476959333490148,5,4,2,1,3,2
8418,1.003517991485736,0.3773350538691666,1.1944124870194748,4,2,5,2,-1,-3
8816,0.7368458165534267,0.983860932265169,0.7913686821138755,3,4,3,-1,0,1
9106,0.9156590913555602,0.4737130479999254,1.5393763207737725,4,2,7,2,-3,-5
8844,0.7308134066234294,0.7187690477414528,1.0224103885128941,3,3,4,0,-1,-1
7459,1.2469456694302077,1.0027974431004305,0.4799099906747902,5,4,2,1,3,2
7448,1.3159237828998114,1.2665141928566783,0.22018598494665567,6,5,1,1,5,4
8229,1.0390429600053328,0.3711729114426924,1.1685418430875372,4,2,5,2,-1,-3
6828,1.4708330386782345,1.2097442141229322,0.33144130113910353,6,5,1,1,5,4
9300,0.5490095356632643,0.8442000847412534,1.1141065941965345,2,4,5,-2,-3,-1
6746,1.653138603702489,0.5312000224558484,1.2750262171883082,7,2,5,5,2,-3
7054,1.3595511350732383,1.0432041205985592,0.4595211268936463,6,4,2,2,4,2
9220,0.5597993646303571,0.9313511052814438,1.0070057642697148,2,4,4,-2,-2,0
8224,1.1083463990025555,0.24106557043648616,1.3013385220960574,5,1,6,4,-1,-5
7468,1.3069339685096026,1.2661398157177894,0.2228652365832652,6,5,1,1,5,4
7063,1.353673278134219,0.7179737417953598,0.8051804817457356,6,3,3,3,3,0
9492,0.6436661384832048,0.7052308385090035,1.4510540028688048,3,3,6,0,-3,-3
9067,0.6597070265935231,1.161423495880601,0.8094924590040431,3,5,3,-2,0,2
9409,0.6839272516110363,0.6508141659727432,1.4086973622411505,3,3,6,0,-3,-3
9088,0.8685938590249027,1.5112152106446581,0.7223815525620871,4,6,3,-2,1,3
8342,1.2551205233969371,1.6775713270637629,0.4587744442794088,5,7,2,-2,3,5
6718,1.6218349811277604,0.9147758211168564,0.8033823649005525,7,4,3,3,4,1
7138,1.3495415675719322,1.0393398159181917,0.4600830969079768,6,4,2,2,4,2
7717,1.1754197860104634,0.4403820502061293,1.042537363794849,5,2,4,3,1,-2
8436,0.8990895171510336,0.6680126850238918,0.91784340867709,4,3,4,1,0,-1
8030,1.1839873888335841,0.1502310855747273,1.3736909350251643,5,1,6,4,-1,-5
6780,1.5010621324080442,1.2322952026498262,0.3290515069509481,6,5,1,1,5,4
9229,0.5760567102843728,0.8266840440254278,1.0955908931787328,2,4,5,-2,-3,-1
7522,1.2458136269811082,0.5602067509221449,0.9291813155303444,5,2,4,3,1,-2
9458,0.6535696820684891,0.6900415520171412,1.4368767262553572,3,3,6,0,-3,-3
8475,0.8863365635511335,0.6753353319479756,0.9197577489511632,4,3,4,1,0,-1
8892,1.0926987630847875,1.6963876780013594,0.6601621605124194,5,7,3,-2,2,4
8356,0.9468767386429164,0.5536076369266806,1.009291226659442,4,2,4,2,0,-2
7010,1.3871922802837815,1.1653051272054862,0.33465042133828155,6,5,1,1,5,4
7240,1.3292504363894588,0.7198609738407138,0.7925612406836893,6,3,3,3,3,0
7310,1.30634445935095,0.8261866863216106,0.6735689789925497,6,4,3,2,3,1
7562,1.313003682572652,1.3540536196960626,0.16323307028992573,6,6,1,0,5,5
7376,1.2981840141443723,0.9680863708623006,0.5219477615520961,6,4,2,2,4,2
7998,1.0722164307649935,0.367549720416246,1.1498370569340075,5,2,5,3,0,-3
9245,0.5608362038459918,1.0145000020669015,0.9513134402125724,2,4,4,-2,-2,0
8016,1.071211517131109,0.3677709599428368,1.1501662559568169,5,2,5,3,0,-3
7260,1.3315566956586522,1.0313740748251046,0.4629644369920488,6,4,2,2,4,2
9449,0.4650009008002216,0.8952243028572724,1.1864495503861048,2,4,5,-2,-3,-1
9484,0.6457140707579199,0.7017872597754173,1.4474529606200612,3,3,6,0,-3,-3
9610,0.7429203430203858,0.7258214284827161,1.638200389199455,3,3,7,0,-4,-4
8497,1.1517303372930614,1.5789224982569654,0.4645004920611939,5,7,2,-2,3,5
7386,1.3060034534331129,0.6223862905307498,0.8834724494025268,6,3,4,3,2,-1
9362,0.7099383823161459,0.6208939382379541,1.3935554286769132,3,3,6,0,-3,-3
6666,1.7251955178694427,0.7988119172884842,1.0557731283710654,7,3,5,4,2,-2
7990,1.0649755353631554,0.3848510261833236,1.1330095306115722,5,2,5,3,0,-3
7736,1.1545542025265343,0.476147614881174,1.0078300963622804,5,2,4,3,1,-2
9401,0.6886218092922813,0.6450602680760962,1.4047793609314618,3,3,6,0,-3,-3
7650,1.1911761226163569,0.5085244811174091,0.9743179034860144,5,2,4,3,1,-2
8760,0.9043806085336686,0.4281660703945124,1.269272885107268,4,2,5,2,-1,-3
9228,0.5749926325624579,0.8302438688013856,1.0924099962045384,2,4,5,-2,-3,-1
6726,1.5960689744032897,0.9573505289759552,0.7293049798283721,7,4,3,3,4,1
6798,1.4840019333131511,1.215061161259129,0.33525865022873824,6,5,1,1,5,4
7228,1.4047181571702425,1.3099112501524963,0.1775916835427548,6,6,1,0,5,5
8930,0.6835898795171294,0.9973122379320921,0.8351762593474208,3,4,4,-1,-1,0
8321,1.02512138994876,0.37112133866364455,1.1810355459254085,4,2,5,2,-1,-3
8172,1.0602566954660608,0.3401303869658007,1.1939201887598283,5,1,5,4,0,-4
9604,0.5388408238143538,0.8094665105015202,1.451940845988131,2,3,6,-1,-4,-3
8326,1.2575286834658097,1.6773032931478389,0.4558416628284308,5,7,2,-2,3,5
7793,1.3632583223912411,1.6588204973272316,0.3213635227123069,6,7,1,-1,5,6
8744,0.8295334459677858,1.1538739991049791,0.6435983161171972,4,5,3,-1,1,2
7012,1.3820784536920054,1.1429693409679418,0.3576844326654529,6,5,2,1,4,3
7906,1.103593297292113,1.263703833192798,0.3669427757679163,5,5,2,0,3,3
8245,1.0175043846921243,0.414313838825826,1.128086667882639,4,2,5,2,-1,-3
9247,0.5559313291193094,0.9704723277845164,0.9825847169476968,2,4,4,-2,-2,0
8358,0.9163682652393732,0.9571746195230841,0.6557048275480645,4,4,3,0,1,1
8751,0.8239957076215957,1.1541537980804109,0.6488846003468765,4,5,3,-1,1,2
8701,0.8172744866317514,1.0824900568176088,0.6736244155703923,3,5,3,-2,0,2
8894,0.8418056801866134,0.4825299968669179,1.3015236297106898,4,2,6,2,-2,-4
7186,1.3918219755479284,1.252183022358656,0.2384628460458419,6,5,1,1,5,4
9676,0.33209739502299873,1.0684380663851234,1.1877126954375266,1,5,5,-4,-4,0
9309,0.9496306910275408,1.6808626258836887,0.8019688131461202,4,7,3,-3,1,4
8960,0.8341200780855683,0.4885620689896347,1.3361897951882002,4,2,6,2,-2,-4
8149,1.2795309761729698,1.6728484350992483,0.4266838697081294,5,7,2,-2,3,5
9371,0.702979879291075,0.6271461492061559,1.3900704734674374,3,3,6,0,-3,-3
8489,0.99073113318172,0.3759108262164849,1.2133438007615964,4,2,5,2,-1,-3
6971,1.4875253028552669,0.3746445473409484,1.2529748970698986,6,2,5,4,1,-3
7223,1.4010041419660928,1.2961407226032595,0.19195353188192454,6,6,1,0,5,5
6854,1.5276859963978668,1.4302743596985374,0.12526872049267276,7,6,1,1,6,5
9583,0.7819384443404399,0.7153267464432245,1.6700136716971972,3,3,7,0,-4,-4
9191,0.5687505912279476,0.8864524645723879,1.0364005096693052,2,4,4,-2,-2,0
8782,0.8926272026143832,0.4371230618401109,1.2781063397245842,4,2,5,2,-1,-3
8429,1.2352823532190371,1.6764443309729704,0.4789718752287333,5,7,2,-2,3,5
6989,1.370393014924581,1.0594757761392184,0.4459034647293608,6,5,2,1,4,3
9500,0.4631684275489193,1.2024305409318787,1.0049585397200642,2,5,4,-3,-2,1
8552,0.8589309266832665,0.6840648824076409,0.9324527566513868,4,3,4,1,0,-1
7936,1.1406598709050486,0.2460603274276999,1.2623176882379628,5,1,5,4,0,-4
7740,1.1534958955889674,0.4760153067726198,1.0080624946350514,5,2,4,3,1,-2
8142,0.9467540927526148,0.8238502542004681,0.7393236971960953,4,4,3,0,1,1
9180,0.7902228086223609,0.5447984813130569,1.4147640979635985,3,2,6,1,-3,-4
7344,1.3113822285716938,1.0231179627342788,0.4666017668215003,6,4,2,2,4,2
8006,0.9842253829383546,0.9572360375216286,0.6093473895354763,4,4,3,0,1,1
9345,0.7261379131706335,0.6076451553165801,1.4064101082009637,3,3,6,0,-3,-3
8023,1.0800597357623074,0.34346091241616666,1.1750383151028378,5,1,5,4,0,-4
9399,0.6894195688886874,0.6436999536299249,1.402586336060049,3,3,6,0,-3,-3
6997,1.3759426136721782,1.1032472923817322,0.3995944558021961,6,5,2,1,4,3
8117,0.9596825667543442,0.6866680591098181,0.859546533947177,4,3,4,1,0,-1
9306,0.9779216106416936,1.711997993762772,0.8073170227458906,4,7,3,-3,1,4
7935,1.067041088234285,0.4107290356507469,1.1013596934322891,5,2,5,3,0,-3
9196,0.5801067808612725,0.8278947737928275,1.0877856672467687,2,4,5,-2,-3,-1
7848,1.0484844740237569,0.9599261030478138,0.5708868272670123,4,4,2,0,2,2
8851,0.8568461988708693,0.4693036282744762,1.2900561084621498,4,2,6,2,-2,-4
9518,0.6324713438073274,0.7215722382101111,1.4636237168380666,3,3,6,0,-3,-3
7296,1.3212811623841398,1.0184296792948342,0.4740284846657555,6,4,2,2,4,2
9417,0.494478582944754,0.8762814821427113,1.1606990825541563,2,4,5,-2,-3,-1
7889,1.1789691199388226,0.2125846064589718,1.2832799762877385,5,1,5,4,0,-4
6738,1.5661298893097826,1.031282192083575,0.6173565136107154,7,4,3,3,4,1
7275,1.4461746768002202,0.3376837146247734,1.2521948148810695,6,1,5,5,1,-4
8411,0.9104370108843056,0.6418072935912685,0.937272324507592,4,3,4,1,0,-1
8575,0.8482549049377308,0.6863705705071379,0.939035155450318,4,3,4,1,0,-1
9290,0.9882710489648244,1.7156447949758649,0.8001364053763063,4,7,3,-3,1,4
6845,1.4273763010123024,0.7608892387978194,0.8015163094733395,6,3,3,3,3,0
7516,1.2352085100883807,1.0355195549223568,0.4477097071643812,5,4,2,1,3,2
9060,0.6342601292332187,0.7663379697177443,1.0908461124586413,3,3,5,0,-2,-2
7380,1.370435611128601,1.2916360742394437,0.19129165254191852,6,6,1,0,5,5
9097,0.8777550095957533,1.5283154186168768,0.726616144169201,4,7,3,-3,1,4
9115,0.6038812186385826,0.7960859744069924,1.0951066327857395,3,3,5,0,-2,-2
9079,0.8620808920691252,1.4986531414472148,0.7194454850535695,4,6,3,-2,1,3
8360,0.9433168100639728,0.5624192489512,1.0016891210045098,4,2,4,2,0,-2
7402,1.2945616319506033,0.6092315897241419,0.8928446014805799,6,3,4,3,2,-1
8764,0.8155784956483594,1.152885404738903,0.6572134802103528,3,5,3,-2,0,2
9314,0.7637686804193871,0.5797146110081942,1.4396043318359122,3,2,6,1,-3,-4
9024,0.8118582747838413,1.3901388581654346,0.7028900134208375,3,6,3,-3,0,3
7036,1.3692214357899275,1.0893124465594433,0.4124007456711164,6,5,2,1,4,3
9130,0.7920963354672299,0.5398016942754232,1.4029560986745164,3,2,6,1,-3,-4
8488,0.8815957800571959,0.6786196331297639,0.9199727667971156,4,3,4,1,0,-1
8753,0.9006711318311296,0.4350509329822543,1.256922259889392,4,2,5,2,-1,-3
7413,1.3393493121848123,1.277650572425854,0.20597299445725506,6,5,1,1,5,4
8485,0.8797949095796556,0.9599995736516396,0.6816338305459497,4,4,3,0,1,1
8622,0.8164951916378405,0.9672588955863533,0.7292360742591043,3,4,3,-1,0,1
7241,1.3293688067672165,0.7188419566303188,0.7936634975481877,6,3,3,3,3,0
7110,1.3465004769378413,0.7298167266524511,0.7895765984608238,6,3,3,3,3,0
9129,0.5953654012089201,0.8121076569197241,1.085902474467179,3,3,5,0,-2,-2
8231,1.270566918216328,1.6736326638838044,0.43728908766253466,5,7,2,-2,3,5
8397,0.9054379836445376,0.9588728008609028,0.6626816472167092,4,4,3,0,1,1
8821,0.7815357980062494,1.1532687030776043,0.6901901887877272,3,5,3,-2,0,2
8505,0.8721464859249334,0.9614656760028116,0.6867334194283807,4,4,3,0,1,1
7405,1.2822930767490641,1.012142727186639,0.4729619021854226,5,4,2,1,3,2
9268,1.000136498169993,1.7170130553840206,0.7884856515451859,4,7,3,-3,1,4
9482,0.8557723133013642,0.6260201473717873,1.6540518560634163,4,3,7,1,-3,-4
8891,0.7090745627816565,0.7303706503212674,1.0347994748299263,3,3,4,0,-1,-1
9077,0.8572882738232595,1.4895776431638783,0.7176417874726551,4,6,3,-2,1,3
7032,1.5021429778595887,1.5006896434170809,0.0342882933916261,6,6,0,0,6,6
7357,1.3033726338394984,0.9766720590246888,0.514049942494633,6,4,2,2,4,2
8742,0.7799383310222316,0.9738258506549264,0.7574907528989543,3,4,3,-1,0,1
7829,1.1158659997071307,1.2045910182953876,0.37269096373026345,5,5,2,0,3,3
7107,1.3771949861498058,1.1656794563499848,0.3304000561906699,6,5,1,1,5,4
8524,0.9795516434419286,0.3828133238231407,1.2168668866571035,4,2,5,2,-1,-3
7784,1.0936729955224516,1.0208170432208121,0.5007005349204621,5,4,2,1,3,2
7957,1.0617959470526972,0.4044748425380016,1.1113739683897217,5,2,5,3,0,-3
7439,1.393873571599007,1.453561713700723,0.0761693196136333,6,6,0,0,6,6
9146,0.5819873673834017,1.0265048146405418,0.9232998637175448,2,4,4,-2,-2,0
9048,0.8242070859172621,0.5043528950406398,1.3907392205701483,4,2,6,2,-2,-4
8096,1.2838692045605338,1.6690316856279392,0.4173637846993932,5,7,2,-2,3,5
9519,0.6333266499548913,0.7210882891146444,1.4644831038860702,3,3,6,0,-3,-3
9331,0.7606468284203414,0.5826705242036346,1.4389775631049635,3,2,6,1,-3,-4
7639,1.2315637381371052,1.2379944443999675,0.27619116003349264,5,5,1,0,4,4
7207,1.3981269633419822,1.281547321293979,0.20746822663454054,6,5,1,1,5,4
9212,0.7878058912253673,0.5486464947798899,1.4195656173935058,3,2,6,1,-3,-4
9463,0.6530036526251256,0.6919581412054286,1.4406512375860474,3,3,6,0,-3,-3
9376,0.6982971122945028,0.6316983472679112,1.3893042277193868,3,3,6,0,-3,-3
8412,0.9007295700119958,0.9574121316396044,0.6671991425407165,4,4,3,0,1,1
8987,0.653415180767244,1.0048456545623767,0.8611099951329249,3,4,4,-1,-1,0
6742,1.5564792843238773,1.058034242366516,0.5781601626692421,7,5,2,2,5,3
9207,0.5692286412557631,1.0219505333861427,0.93874557000597,2,4,4,-2,-2,0
7018,1.3655245744311473,1.0550325604457051,0.4488383694913773,6,5,2,1,4,3
6765,1.5225669347022857,1.2398550427275672,0.33922789109413304,7,5,1,2,6,4
9568,0.4061614557121367,1.2204508972221015,1.0625077160933467,2,5,5,-3,-3,0
8052,1.0520130183864895,0.3984854821857529,1.1241828756285384,4,2,5,2,-1,-3
8244,1.1040219376868097,1.4055974960085351,0.3891191594202945,5,6,2,-1,3,4
6677,1.7105445690711731,0.8111342876588888,1.0227568654933243,7,3,4,4,3,-1
8951,0.7206553391934983,1.1544981132444898,0.7497578358377598,3,5,3,-2,0,2
8871,0.7173980029458008,0.7270227067110309,1.0285720643607907,3,3,4,0,-1,-1
6710,1.6514442915028362,0.8699830087407606,0.8856844945153524,7,4,4,3,3,0
7574,1.3176503577575327,1.3764678820112182,0.15269254845835706,6,6,1,0,5,5
8806,0.8751624660831778,0.4542534117866897,1.2757832482049212,4,2,5,2,-1,-3
9015,0.6401530568828491,1.0092465079910056,0.8721937464094222,3,4,4,-1,-1,0
8191,0.9466360025079738,0.9253304285733472,0.6572195306633961,4,4,3,0,1,1
9026,0.8143904401853554,1.3971119804642689,0.7038407033769183,3,6,3,-3,0,3
8768,1.1257144470119471,1.6705098487916612,0.5929566292253492,5,7,3,-2,2,4
6851,1.4250644804616048,0.7607707752240692,0.8001390881213735,6,3,3,3,3,0
6837,1.4329893496606678,0.7626557363953119,0.8033442221259812,6,3,3,3,3,0
9483,0.4504432398613413,0.9041610602633317,1.2009594911442438,2,4,5,-2,-3,-1
8425,0.9525229151787892,1.1660616307843303,0.5253810363629287,4,5,2,-1,2,3
6735,1.5727389154671587,1.0143445244036406,0.6426805586869399,7,4,3,3,4,1
8300,1.0345398672962804,0.3598882320342921,1.188525007533644,4,2,5,2,-1,-3
6808,1.4461929136269105,0.7693239802459609,0.8052602618246129,6,3,3,3,3,0
8898,0.7411404900528312,1.1532626643373147,0.729735117669213,3,5,3,-2,0,2
6796,1.4866617072868278,1.2178682367916267,0.3340807728489727,6,5,1,1,5,4
7004,1.3806298346601116,1.131579415524297,0.3698597292455234,6,5,2,1,4,3
7583,1.2123186724949486,1.048984895808373,0.4374320352552624,5,4,2,1,3,2
9122,0.5969795436952497,0.8096698208617965,1.0867682308086677,3,3,5,0,-2,-2
8160,0.9457918635786884,0.863509843631891,0.7063892205441672,4,4,3,0,1,1
7284,1.3155876856762558,0.7690359168248633,0.7363330302834262,6,3,3,3,3,0
7980,1.0973487012917975,0.3134684640857163,1.2022587014172514,5,1,5,4,0,-4
8009,1.0621898796998668,0.3893900066380501,1.1291418387197865,5,2,5,3,0,-3
6946,1.3785814166107482,0.7318476076840312,0.8031900698108685,6,3,3,3,3,0
7229,1.3359366562315464,1.0325450731017578,0.4630066842504232,6,4,2,2,4,2
7901,1.0197158388714038,0.9584521944718872,0.5873402513414132,4,4,3,0,1,1
6881,1.530566254316825,1.462443400996844,0.09596015000471507,7,6,0,1,7,6
8547,1.175308212781633,1.6334284649668709,0.4954504250671325,5,7,2,-2,3,5
8814,0.7864664651861822,1.1541468039141771,0.6852604394067956,3,5,3,-2,0,2
8422,0.9031461729049668,0.6629320520361466,0.9201897606810686,4,3,4,1,0,-1
6840,1.4641221110392229,1.2066085105190172,0.3302383732764293,6,5,1,1,5,4
6720,1.6167062212240892,0.9224102849562498,0.7894639460786086,7,4,3,3,4,1
8123,1.070196644960404,0.32972573196544885,1.2002603949009734,5,1,5,4,0,-4
9626,0.6985159035508468,0.7384202866627999,1.5994023420582322,3,3,7,0,-4,-4
7245,1.3298513197922543,0.7147683590892386,0.7980725257444982,6,3,3,3,3,0
8683,0.8459532869082711,1.1555980436806512,0.6275395113719673,4,5,3,-1,1,2
7485,1.301453744268373,1.2673898477561938,0.2235472547509153,6,5,1,1,5,4
8905,0.7553008645096334,1.1965376338387952,0.7127390119807195,3,5,3,-2,0,2
8713,0.8389752992591657,1.1549839542528515,0.6343362962523211,4,5,3,-1,1,2
7801,1.1303506679743949,1.2046334577552695,0.3614954636519968,5,5,2,0,3,3
8506,0.8625608167202475,0.8697254564033748,0.7595022204524414,4,4,3,0,1,1
8370,0.9332997829552756,0.5918038802318997,0.9755482776688243,4,3,4,1,0,-1
8541,0.8643713137187456,0.6824492121993951,0.929670924635188,4,3,4,1,0,-1
7322,1.3041529170815778,0.8706717779783247,0.6262154222750627,6,4,3,2,3,1
9085,0.6213443464695046,0.7769576078149596,1.0954521209336687,3,3,5,0,-2,-2
9358,0.709981316828918,0.620511418609786,1.3920175458965578,3,3,6,0,-3,-3
8964,1.0798293532282175,1.7120753543965241,0.6934015227900755,5,7,3,-2,2,4
8835,0.7233924618306858,0.9861925021500384,0.8027577557314907,3,4,3,-1,0,1
8303,1.1074207473093438,0.229953037435985,1.3269743086251031,5,1,6,4,-1,-5
6899,1.4748207872688883,1.3390850352057195,0.18110283391454146,6,6,1,0,5,5
8274,1.1059497300244086,1.4181453628619944,0.3930112875242099,5,6,2,-1,3,4
7535,1.460438564334076,1.6337639215418889,0.1983548572633778,6,7,1,-1,5,6
8048,1.048972709446908,0.4060401250247671,1.1168542687367564,4,2,5,2,-1,-3
9242,1.0059421949335745,1.7185864219853326,0.783900173689743,4,7,3,-3,1,4
9090,0.6034490571543639,1.020911417788969,0.903813108548292,3,4,4,-1,-1,0
7349,1.523113184018638,1.6251479668375952,0.14889784194323802,7,7,1,0,6,6
8427,1.0062046303757537,0.3693064250234068,1.204469297897739,4,2,5,2,-1,-3
9007,0.8027325938134424,1.36468250914191,0.7003469654595036,3,6,3,-3,0,3
8969,0.6767133510198312,0.7450297727182035,1.0585413591674442,3,3,5,0,-2,-2
9647,0.3641931105802796,0.9726840705330592,1.266326709975168,2,4,5,-2,-3,-1
7537,1.232073163127926,1.0529661596355575,0.43104639463954936,5,4,2,1,3,2
8017,1.0739914795587528,0.361295303940092,1.156480998413513,5,2,5,3,0,-3
9490,0.4700766553490148,1.2008113234657165,0.998025350389278,2,5,4,-3,-2,1
6782,1.5000288962572177,1.228139932750178,0.33303013324233266,6,5,1,1,5,4
8888,0.8515791907516006,0.4720664221078091,1.3105539537478164,4,2,6,2,-2,-4
9455,0.6559490150394113,0.6880369539137581,1.4379453573422831,3,3,6,0,-3,-3
6627,1.8530646307488503,0.7537117693962879,1.3004886223211258,8,3,6,5,2,-3
8161,1.0582414174243693,0.346103248940031,1.1872921463773536,5,1,5,4,0,-4
7232,1.4749255599192608,1.4880109854561074,0.007072425450278838,6,6,0,0,6,6
7707,1.1310592920494946,0.9735542386136806,0.5254791172392956,5,4,2,1,3,2
6705,1.6666228403945502,0.8516469082013609,0.92358098926816,7,4,4,3,3,0
7227,1.3349562498508665,0.6933161702014569,0.8223400300532205,6,3,4,3,2,-1
9385,0.6965755704940191,0.6347300433599966,1.3952138511880627,3,3,6,0,-3,-3
8019,1.0928647891999521,0.3193415366984074,1.1976055002733472,5,1,5,4,0,-4
7472,1.4736002052677764,1.634402095890611,0.1890212240364648,6,7,1,-1,5,6
9137,0.5934920440095438,0.815445110487646,1.0842356252752403,3,3,5,0,-2,-2
7392,1.5101755834960682,1.6248613008932933,0.15403151142039512,6,7,1,-1,5,6
8253,1.037008055699818,0.3683587196978687,1.1741570679608295,4,2,5,2,-1,-3
8601,0.8814629231339284,1.1579968793048458,0.5932941080296118,4,5,3,-1,1,2
8967,0.7757307200829829,1.2872237350845406,0.7021126675402696,3,6,3,-3,0,3
9515,0.6347233667976431,0.7191009304939736,1.463099323163218,3,3,6,0,-3,-3
6643,1.8195420235627284,0.7568695288643507,1.2416180149266365,8,3,5,5,3,-2
8137,1.0828164181381912,0.3010988595733239,1.230350265901054,5,1,5,4,0,-4
7681,1.2060656117157829,1.2284042279766385,0.2969965575351945,5,5,1,0,4,4
8526,1.2140492413832675,1.6808054078313552,0.5074282953552295,5,7,2,-2,3,5
6689,1.6960377554197268,0.8209074094454647,0.9934638247585978,7,4,4,3,3,0
7130,1.3501735042879843,1.036472089718822,0.4634356965391012,6,4,2,2,4,2
7924,1.3138549423698496,1.6661521683505804,0.3818522620528381,6,7,2,-1,4,5
8842,0.7694557748905171,1.1546490975964805,0.7017948918401938,3,5,3,-2,0,2
8617,0.8197715882831296,0.9664371868669632,0.7269202228551606,4,4,3,0,1,1
8772,0.7599366297975491,0.97758635493296,0.7734723315267661,3,4,3,-1,0,1
8199,1.044467763564213,0.3666919852620259,1.1702347421215271,4,2,5,2,-1,-3
8132,0.9478087148059614,0.8127748203403127,0.7483474726271533,4,3,3,1,1,0
6731,1.5849277420490469,0.984049443737518,0.6884347876204414,7,4,3,3,4,1
8956,0.683693798379608,0.7396648652253388,1.0561282543957549,3,3,5,0,-2,-2
7687,1.4106283849854646,1.6552379872620688,0.27018545419849604,6,7,1,-1,5,6
8414,0.90633740682139,0.6570511162298321,0.9240509451484492,4,3,4,1,0,-1
9395,0.5142717394639997,0.8634813097603082,1.1447462159562871,2,4,5,-2,-3,-1
8215,1.050338638495161,0.35057366748537666,1.187648687346625,4,1,5,3,-1,-4
7237,1.3274795636970385,0.7361978812360014,0.774925141224274,6,3,3,3,3,0
7024,1.3705032477513783,1.0906775383518037,0.4113895239908684,6,5,2,1,4,3
8238,1.0385310860544132,0.3704614955774545,1.169945049820752,4,2,5,2,-1,-3
6730,1.6990599983301031,0.573909944526106,1.2884820058711088,7,2,6,5,1,-4
6903,1.5385004743011352,1.5083505801557044,0.07382100948958352,7,6,0,1,7,6
9163,0.5823332533821961,0.8363999921266384,1.0736254023799678,2,4,5,-2,-3,-1
7796,1.225507719013699,0.202274127607328,1.281440076983256,5,1,5,4,0,-4
6952,1.4500922620874908,1.3306171912831033,0.17404608113029846,6,6,1,0,5,5
6661,1.7447703522467617,0.7873979357249545,1.0951275775191864,7,3,5,4,2,-2
7362,1.3018173762839018,0.9721266523587272,0.5184994489949791,6,4,2,2,4,2
9414,0.6784692128394819,0.656709903297288,1.4102057941780548,3,3,6,0,-3,-3
7368,1.2982935686885928,0.9462803722136612,0.5449773593765243,6,4,2,2,4,2
7077,1.3840892047319642,1.181450731638494,0.3152701059341942,6,5,1,1,5,4
8553,1.0655903249645278,0.25707461962176564,1.3823641167627312,5,1,6,4,-1,-5
7288,1.3139367524338308,0.7769413267862338,0.7275207441178827,6,3,3,3,3,0
7816,1.3500132263330549,1.6609314071748615,0.3375762024401262,6,7,1,-1,5,6
9640,0.3736784018463126,1.2107776306530371,1.0943753741088735,2,5,5,-3,-3,0
7039,1.3633372283507867,1.0543993905015925,0.4486748419874228,6,5,2,1,4,3
6940,1.5555262894134518,1.575561578978622,0.10037865651580637,7,7,0,0,7,7
7279,1.31729651276796,0.7611521720986334,0.7451470990930217,6,3,3,3,3,0
6965,1.442679049905682,1.3228742913498917,0.17890037413572835,6,6,1,0,5,5
7062,1.3587692641167302,1.045001254814732,0.4572503655254469,6,4,2,2,4,2
7324,1.3841182551430673,1.3004669445510169,0.1834597878889657,6,6,1,0,5,5
8539,1.17310271532899,1.6276891838356895,0.4915674530428311,5,7,2,-2,3,5
8337,1.1132115298040173,1.4534686992167931,0.4049316830192553,5,6,2,-1,3,4
7836,1.116806131202846,1.2101069964001765,0.36978345840503896,5,5,2,0,3,3
7764,1.1427634963987838,0.4680398003074265,1.017389466159878,5,2,4,3,1,-2
7002,1.5617368641288971,1.6191992651384208,0.13692667637120312,7,7,1,0,6,6
7984,1.0605738166231709,0.3956793795358881,1.1225049413428287,5,2,5,3,0,-3
7952,1.1310653949051228,0.25517659195230397,1.256614780191026,5,1,5,4,0,-4
7369,1.2975226308899948,0.9367062235004854,0.5548898868010003,6,4,2,2,4,2
8801,0.7915782678975544,1.1526222891608182,0.6805094048589314,3,5,3,-2,0,2
7066,1.4245224566271086,1.3144891456740937,0.1796085364069384,6,6,1,0,5,5
7809,1.113223550082015,0.4462413484925271,1.0455737595775605,5,2,4,3,1,-2
7314,1.3050338551463416,0.8489141936891138,0.6493393844115769,6,4,3,2,3,1
8862,0.7103087024376995,0.9907660775634621,0.8127699659213337,3,4,3,-1,0,1
8223,1.0478593520810824,0.3540605800608021,1.1848701791272136,4,2,5,2,-1,-3
7445,1.266554673366408,0.5814847695025079,0.9125810680868552,5,2,4,3,1,-2
7565,1.229979340144525,0.544246686174703,0.9423383877834952,5,2,4,3,1,-2
9321,0.7574294054273838,0.5841302030322671,1.4337685968573537,3,2,6,1,-3,-4
9059,0.8403492789300753,1.4553793862158404,0.7113217644055541,4,6,3,-2,1,3
8349,1.2535173920166909,1.6777536377526219,0.4607325344635405,5,7,2,-2,3,5
8028,1.0819802941660854,0.3372678295285249,1.1816855656993193,5,1,5,4,0,-4
8024,1.0829718266456414,0.3370156798747172,1.1813620430255276,5,1,5,4,0,-4
9660,0.6438876303087566,0.7591382463945017,1.552510261937459,3,3,7,0,-4,-4
9319,0.9426015885721556,1.6738727317885085,0.8017487352903105,4,7,3,-3,1,4
7792,1.1233295155128402,0.4543122548171493,1.0348224886885864,5,2,4,3,1,-2
9283,0.7792396029841017,0.5623941219080969,1.4352122446726785,3,2,6,1,-3,-4
8621,1.171462218709488,1.6750705768260858,0.5474951062738792,5,7,2,-2,3,5
7868,1.1104355819628045,1.2345431467430714,0.3669802119258677,5,5,2,0,3,3
9092,0.7945823014865673,0.533167078303027,1.3835714171798612,3,2,6,1,-3,-4
6636,1.8298999497931745,0.7553652469506845,1.2600790970389906,8,3,5,5,3,-2
7920,1.0732000571924405,0.4150311102146579,1.09348859996743,5,2,5,3,0,-3
9055,1.0466707228451717,1.7155784518121584,0.7346323377808838,4,7,3,-3,1,4
8913,0.6885184091168444,0.9987341241445632,0.8296602744305392,3,4,4,-1,-1,0
9254,0.9466184517044204,1.6517783379839166,0.7721737581429099,4,7,3,-3,1,4
7286,1.3134483928823515,0.7852393326831312,0.7187026389186402,6,3,3,3,3,0
9489,0.8540018526509141,0.6314083103439442,1.6579655628684498,4,3,7,1,-3,-4
8556,0.8532313393754614,0.963121091426418,0.7009445288350696,4,4,3,0,1,1
7460,1.2615969449370563,0.5775918524284905,0.9152558786932332,5,2,4,3,1,-2
7309,1.3063072537751972,0.828280600959977,0.6713646528140125,6,4,3,2,3,1
9144,0.5875880141020289,0.830254666847499,1.0737363414264671,3,4,5,-1,-2,-1
7968,1.0456160449776024,1.1835540772814253,0.43798313825667373,4,5,2,-1,2,3
7748,1.1535808248509716,0.4646811955454686,1.0195373823747205,5,2,4,3,1,-2
7484,1.3018332067784082,1.2684816177198244,0.22254765418470746,6,5,1,1,5,4
7219,1.337819794077844,1.0310138453520596,0.465247822614685,6,4,2,2,4,2
7449,1.2517979204600436,1.0068777631119072,0.4759122686269818,5,4,2,1,3,2
9123,0.5972532405828025,0.8087714647333568,1.0875779484322452,3,3,5,0,-2,-2
7242,1.3294880805400648,0.7178231854984563,0.7947657544862002,6,3,3,3,3,0
7517,1.2291167168988744,0.997477959555272,0.4853999235834012,5,4,2,1,3,2
8362,1.102369457493397,0.22856837703157204,1.3428752449116117,5,1,6,4,-1,-5
8666,0.8059253819969515,1.0079950111001998,0.7158675190801733,3,4,3,-1,0,1
9649,0.3772463710180258,0.9527385644647772,1.2852909934458243,2,4,5,-2,-3,-1
6936,1.4133660992697503,1.1863884542453065,0.322624652879753,6,5,1,1,5,4
7311,1.3156051265339463,1.0077062440382831,0.4840289818050754,6,4,2,2,4,2
7794,1.137338053011323,1.2069169081583546,0.3552324535112486,5,5,2,0,3,3
7239,1.3291329696490553,0.7208802360857803,0.7914589838939837,6,3,3,3,3,0
9453,0.4632657968671504,0.8959176410519383,1.188826255852261,2,4,5,-2,-3,-1
8788,0.7985540646754656,1.1529492978131934,0.6736849244247922,3,5,3,-2,0,2
7626,1.43176725074537,1.6462907129717332,0.2391228228774109,6,7,1,-1,5,6
8095,0.9809004258600428,0.5933422658549272,0.94351380240457,4,3,4,1,0,-1
7705,1.1668833220785555,0.4869815593092829,0.9960509078763128,5,2,4,3,1,-2
7463,1.3089333502281908,1.2633478944504042,0.22464874094279846,6,5,1,1,5,4
9183,0.5698495553355378,0.8858513396124735,1.0355994356392284,2,4,4,-2,-2,0
7395,1.300270719845534,0.6157925292158666,0.8881351533476071,6,3,4,3,2,-1
7220,1.332432150678161,0.7221491096218389,0.7914890901966819,6,3,3,3,3,0
6789,1.4954699826355269,1.2256253243055928,0.3321610719818569,6,5,1,1,5,4
7817,1.0663512600459557,1.0138872302835216,0.5197636994411888,5,4,2,1,3,2
8884,0.7519982771262538,1.162718957141227,0.7179745447134135,3,5,3,-2,0,2
9078,0.8596759039446912,1.4941153678136438,0.7185298230580691,4,6,3,-2,1,3
6715,1.6341769587825157,0.8939611210077535,0.8398141688752421,7,4,4,3,3,0
7858,1.0431748240591387,0.9611015735519014,0.5726495752341694,4,4,2,0,2,2
7356,1.303723577639844,0.9798701492569752,0.510745587272697,6,4,2,2,4,2
6949,1.5594288188549996,1.5889146896732431,0.11102330299365552,7,7,0,0,7,7
8320,0.9713893474586072,0.5012712414679782,1.053464194585872,4,2,5,2,-1,-3
7209,1.3953571135109255,1.2729415251310574,0.21627675460960252,6,5,1,1,5,4
7948,0.994232254088384,0.9576167165851908,0.6028837021664816,4,4,3,0,1,1
8829,0.7279380274461711,0.9857417956349308,0.798710817140409,3,4,3,-1,0,1
9580,0.3943555147832021,1.2231488301455142,1.07439186410604,2,5,5,-3,-3,0
8166,1.1059612051702978,0.2541094392264354,1.2808350234806674,5,1,5,4,0,-4
9632,0.4676943345600508,0.8600158164516299,1.3858120195013215,2,4,6,-2,-4,-2
8157,1.0997014555924052,1.3748828749002115,0.38166962995430204,5,6,2,-1,3,4
9215,0.5612460510204298,0.9223301615335388,1.0127562013291156,2,4,4,-2,-2,0
6942,1.4531662231832476,1.3284794705497258,0.1785314413390308,6,6,1,0,5,5
8548,0.912467709187182,1.1611516366811476,0.563514535145971,4,5,2,-1,2,3
7255,1.324192812624381,0.7466549696900258,0.7627875252429461,6,3,3,3,3,0
8767,0.7779985692606249,1.0405832981887717,0.7259019324972579,3,4,3,-1,0,1
8657,0.8038382838472123,0.9861264955091652,0.7293556062376227,3,4,3,-1,0,1
8083,1.000153711730931,0.5307938967468564,1.0006744526927054,4,2,4,2,0,-2
8453,0.8829130815845414,0.7464676849091285,0.8514318984331153,4,3,4,1,0,-1
7075,1.4966945847413555,1.4985103499389048,0.028740857636606318,6,6,0,0,6,6
7661,1.4160461975988985,1.647143313420088,0.2546605474771764,6,7,1,-1,5,6
8013,1.0657529746530918,0.3807365145954418,1.137546965183022,5,2,5,3,0,-3
8177,0.9470348639514004,0.9086511310924928,0.6696095282131663,4,4,3,0,1,1
8590,0.8423492529185156,0.6853305810747261,0.9452887281417256,4,3,4,1,0,-1
7034,1.3720015385141482,1.1041525714491165,0.3970173327457778,6,5,2,1,4,3
7353,1.2997171077496337,0.9216598236381256,0.5712925497842319,6,4,2,2,4,2
8494,0.8660855453034045,0.8418606667632336,0.7791893162950283,4,4,3,0,1,1
8004,1.2993667601877903,1.6702928700877262,0.40233128007047897,6,7,2,-1,4,5
8053,1.0528904519551137,0.3963281550078482,1.1262777138142177,4,2,5,2,-1,-3
7112,1.3933281217172784,1.2306289259635266,0.2632742901177663,6,5,1,1,5,4
6990,1.3758327903541163,1.0972015530742856,0.4062818236927199,6,5,2,1,4,3
7590,1.220519489058307,0.5359903917505641,0.9492628844545208,5,2,4,3,1,-2
7824,1.055209960014018,0.9609824434506504,0.5667096128199283,5,4,2,1,3,2
9310,0.9468801848828392,1.6777188550718434,0.8013981807370586,4,7,3,-3,1,4
7019,1.4315722274088,1.3211119532704372,0.1751278629028102,6,6,1,0,5,5
9082,0.8141720438581502,0.5170471537359371,1.402027947799756,3,2,6,1,-3,-4
8040,1.0596966611896037,0.3820834453665611,1.1395645743173255,5,2,5,3,0,-3
6708,1.659133437560481,0.8594702507338627,0.9061698558429598,7,4,4,3,3,0
8384,1.1205558747947144,1.4854756065489878,0.4185237286084683,5,6,2,-1,3,4
8836,0.7719216617472076,1.1550596629402972,0.6993289427001391,3,5,3,-2,0,2
8464,1.0866238018889876,0.23798987576633146,1.3644561259106507,5,1,6,4,-1,-5
7442,1.2539866952421344,1.0073003989604177,0.4755574491134397,5,4,2,1,3,2
7043,1.3734331776179844,1.1165880889395778,0.3837438269814363,6,5,2,1,4,3
8504,0.9816500288135376,0.38629930388193945,1.2072189644494906,4,2,5,2,-1,-3
9248,0.7862031489874376,0.5525095521671044,1.4268305554347078,3,2,6,1,-3,-4
9456,0.4883421172473532,1.1939065248675158,0.9796788164285728,2,5,4,-3,-2,1
6897,1.4332348300075652,1.19412615209548,0.3246194800617917,6,5,1,1,5,4
6958,1.3743058553847602,0.7289146971790142,0.804003925954103,6,3,3,3,3,0
9162,0.5814311520458167,0.8400227893323672,1.0704609605508089,2,4,5,-2,-3,-1
7728,1.167398643353357,0.4483009843841809,1.0349772539967743,5,2,4,3,1,-2
8189,1.1071734790675618,0.2484729921700095,1.2891821503808658,5,1,6,4,-1,-5
7306,1.3193572216159306,1.0271783294046608,0.4641682348352164,6,4,2,2,4,2
6615,1.8946467179367064,0.7558280159067968,1.370857943149551,8,3,6,5,2,-3
8197,0.9464772827225026,0.9331226921632776,0.6515457459878214,4,4,3,0,1,1
8322,1.1127807839998989,1.4476735346321488,0.4018040829019171,5,6,2,-1,3,4
8031,1.070452594983026,0.3611525005913814,1.1588518249503899,5,2,5,3,0,-3
8636,0.8088515814249397,0.9692176774773528,0.7346696101943742,3,4,3,-1,0,1
8618,1.0432915062193884,0.28097611874051426,1.4030433526859776,4,1,6,3,-2,-5
8608,0.8243138523702602,0.9664278652673116,0.723050980797685,4,4,3,0,1,1
7746,1.155631487352281,0.4615246802426753,1.0225370070946256,5,2,4,3,1,-2
8919,0.6905113721626999,1.0145178737720435,0.8200543745718102,3,4,4,-1,-1,0
7862,1.0957370989631157,0.4333411570384418,1.06439451568411,5,2,5,3,0,-3
9333,0.7574899079338483,0.5851251077431532,1.4368276646710787,3,3,6,0,-3,-3
8990,0.9452613204114986,0.4198797430760169,1.5015679537934112,4,2,6,2,-2,-4
8765,0.7739696694108239,0.7026451137732788,0.9925589911936366,3,3,4,0,-1,-1
8876,0.7057622318479473,0.9912946969466194,0.8168445728095971,3,4,3,-1,0,1
9673,0.33284113624233946,1.0990650146104657,1.1653783216320115,1,5,5,-4,-4,0
7774,1.3747068310042327,1.6579555564098742,0.3087051071783882,6,7,1,-1,5,6
6861,1.4199055791848056,0.7653934921076845,0.7919305657063692,6,3,3,3,3,0
9657,0.6111886532877471,0.7730329867132644,1.5228485779341492,3,3,7,0,-4,-4
9504,0.6388012523517117,0.7126456181403555,1.4574091219663354,3,3,6,0,-3,-3
8286,1.107129511508993,1.4238273413319826,0.3946163463968341,5,6,2,-1,3,4
7544,1.3066904467713585,1.3189483457623965,0.18474861539344486,6,6,1,0,5,5
9416,0.6792796588748208,0.6570076956440687,1.4141796892947414,3,3,6,0,-3,-3
8076,1.018552262074056,0.4783014948229837,1.0495176246369526,4,2,4,2,0,-2
8586,0.8919330020655174,1.1593172971852803,0.5831503535041287,4,5,2,-1,2,3
6980,1.5633671758418903,1.6157077473076493,0.13392021081355734,7,7,1,0,6,6
8911,0.6893015251436714,1.0028319651114552,0.82684951010661,3,4,4,-1,-1,0
7351,1.305182081610299,0.9833494784241934,0.5073990741641694,6,4,2,2,4,2
6641,1.8261860311720093,0.7553379164688694,1.254143028424597,8,3,5,5,3,-2
8056,1.054656954430873,0.3920150780723711,1.1304686422525492,5,2,5,3,0,-3
9527,0.6310773954576644,0.7235595708947458,1.4650103418327718,3,3,6,0,-3,-3
7295,1.4620678469440618,1.4814770745550148,0.00663576492415755,6,6,0,0,6,6
7865,1.3374677378384399,1.665473135121679,0.3562388638807591,6,7,2,-1,4,5
6618,1.895180226359188,0.7519745735545084,1.3773639340295425,8,3,6,5,2,-3
8797,0.8782504871867867,0.4519678997564392,1.2727762065423842,4,2,5,2,-1,-3
7452,1.2507035636110435,1.0066682012209256,0.4760934329392434,5,4,2,1,3,2
9018,1.0612780263385446,1.715150155055981,0.7178109536381474,5,7,3,-2,2,4
6907,1.3949532823301425,0.7402971087276291,0.8033815128042093,6,3,3,3,3,0
7313,1.3050501485990815,0.8541672115719338,0.6438287714225402,6,4,3,2,3,1
7663,1.2131504297160558,0.4075925608724234,1.075787931987551,5,2,5,3,0,-3
9439,0.4744339175343169,0.888503448407001,1.179120122093804,2,4,5,-2,-3,-1
9032,0.8176901107198521,1.40513553840979,0.7046720538895179,3,6,3,-3,0,3
8282,0.9915623435059718,0.4659761685377377,1.0819158881405029,4,2,5,2,-1,-3
8578,0.9565981774064476,0.3995724611098045,1.2207737641617782,4,2,5,2,-1,-3
7864,1.0398930410769556,0.9611607854596504,0.5743036291673096,4,4,2,0,2,2
8889,0.9689211594431916,0.3800190968506368,1.4718363664236047,4,2,6,2,-2,-4
7913,1.1619452518609148,0.2257175981108151,1.2757556576496527,5,1,5,4,0,-4
8483,1.1471078668065575,1.5663700331140933,0.4574514694162155,5,7,2,-2,3,5
9002,1.06676349696756,1.7143445545544482,0.7107140953949012,5,7,3,-2,2,4
8058,1.0403512691493944,0.4257070616850056,1.0983872862568549,4,2,5,2,-1,-3
7218,1.3382815556370953,1.0341989718876854,0.461941574064312,6,4,2,2,4,2
7904,1.079661533463282,0.42163635976583824,1.083232150770984,5,2,5,3,0,-3
9117,0.6019354026601562,0.7994157986984093,1.093399335003167,3,3,5,0,-2,-2
6678,1.7107409646643097,0.8104504915164585,1.0237857367256862,7,3,4,4,3,-1
8194,1.0639405174358592,0.3275872337420041,1.2085703277763395,5,1,5,4,0,-4
8498,0.8783285828549473,0.6795031619287674,0.9215927514486272,4,3,4,1,0,-1
7605,1.324216207432999,0.24099410182207595,1.263091331038624,6,1,5,5,1,-4
7999,1.0736009177193149,0.3643093060278933,1.1529949105053154,5,2,5,3,0,-3
6852,1.5398629980548468,0.4244063633503082,1.2552212807864438,7,2,5,5,2,-3
7265,1.329847894847089,1.0268292684771037,0.4673696020458083,6,4,2,2,4,2
8582,1.1923081708088037,1.6784428270334544,0.5284794070944779,5,7,2,-2,3,5
6727,1.5937440743047004,0.9642427529687184,0.7192971894499534,7,4,3,3,4,1
7963,1.0601808783905378,0.4037638603469036,1.113095195222884,5,2,5,3,0,-3
7419,1.2713435246703508,1.0097714565462768,0.4741758910127058,5,4,2,1,3,2
8171,1.0587514763298849,0.3432804973771601,1.1907790302493508,5,1,5,4,0,-4
7192,1.407357230721237,1.3035490901500528,0.18558281673911525,6,6,1,0,5,5
8449,0.8876491072593821,0.7223496161415764,0.8712300662069213,4,3,4,1,0,-1
6741,1.668987621599988,0.5461644239866904,1.2791055905809403,7,2,5,5,2,-3
9340,0.7370172741179921,0.5992893827502155,1.416082648748913,3,3,6,0,-3,-3
9405,0.506851084443565,0.8684694273022309,1.1503235451578813,2,4,5,-2,-3,-1
7466,1.38251953554497,1.4488419694018901,0.08769651425965204,6,6,0,0,6,6
8800,0.7924190069339412,1.1547430019102407,0.6793800357926064,3,5,3,-2,0,2
6622,1.8771737123852328,0.7539385393707358,1.3419364629865829,8,3,6,5,2,-3
9165,0.5837462404429054,0.8309800482465343,1.078388456198989,2,4,5,-2,-3,-1
7469,1.2419494489366485,1.00503394673934,0.4776324730368683,5,4,2,1,3,2
9529,0.6303821758767894,0.7245537253488851,1.4657044141690436,3,3,6,0,-3,-3
9554,0.39770157769873904,0.94322797191535,1.2457191869146942,2,4,5,-2,-3,-1
7022,1.3836327027396105,1.1543753035325317,0.3455091463218841,6,5,1,1,5,4
9020,0.653680249391242,0.7541918235694194,1.0788841302723065,3,3,5,0,-2,-2
6768,1.5203382110552457,1.2578911354793818,0.3162220120597568,6,5,1,1,5,4
8181,1.0737238093151644,0.31125798572160096,1.2236172197892847,5,1,5,4,0,-4
9006,0.6608229273107739,0.7508386032014192,1.0731116091325923,3,3,5,0,-2,-2
8968,0.6635998703409686,1.0029156299119892,0.8519720549048839,3,4,4,-1,-1,0
7619,1.2364361195293392,0.41282570715186334,1.0731957448613014,5,2,5,3,0,-3
9275,0.9973945014484452,1.7169233939320123,0.7914540063286031,4,7,3,-3,1,4
9325,0.9419856697474164,1.6742179845238292,0.8028395610336935,4,7,3,-3,1,4
6895,1.5360204548404883,1.4924549004454069,0.07880125012017973,7,6,0,1,7,6
7015,1.3691541990479583,1.0772257025124157,0.42576172181056976,6,5,2,1,4,3
8211,1.1016713700469525,1.3919652874454578,0.3858485131372129,5,6,2,-1,3,4
8112,0.9547121969016537,0.7314435398149516,0.818853877622085,4,3,3,1,1,0
9131,1.02314886716996,1.7190463925793729,0.7651797468321104,4,7,3,-3,1,4
8094,0.9787072732134784,0.6031453996274133,0.9343537801034504,4,3,4,1,0,-1
8415,0.9080304003734491,0.6484918000237675,0.9318861296092208,4,3,4,1,0,-1
8624,0.8223672054170006,0.6892659976644879,0.9591238900104538,4,3,4,1,0,-1
7119,1.5504266163945601,1.618729544496895,0.13611041920317496,7,7,1,0,6,6
9197,0.7909287757697245,0.5456631525303554,1.4202612263220094,3,2,6,1,-3,-4
8359,0.9379689629580152,0.5816431442285477,0.9836224379734029,4,2,4,2,0,-2
7518,1.4662550005866408,1.6365162558210378,0.19734386501645684,6,7,1,-1,5,6
8655,0.8529315104132752,1.1562540932629883,0.6207470719999583,4,5,3,-1,1,2
8287,0.9873760050069348,0.47477601039404793,1.0741037211066364,4,2,5,2,-1,-3
7165,1.4054751260665663,1.2892113397065117,0.20121222032372585,6,6,1,0,5,5
8477,1.1452016886130334,1.5606436063689553,0.4541355738507167,5,7,2,-2,3,5
8420,1.126012340427344,1.5084300018844496,0.4300515529724375,5,6,2,-1,3,4
9370,0.7022232621804387,0.6277180146577119,1.3891720524032716,3,3,6,0,-3,-3
7745,1.1543059198122745,0.4659036255659804,1.0182264365454274,5,2,4,3,1,-2
7560,1.2125403223475877,0.9937090415837276,0.4901422788677833,5,4,2,1,3,2
6778,1.5018450880293837,1.2354128100369757,0.3260748046038049,6,5,1,1,5,4
8275,0.995404609874848,0.4582423580869842,1.088715479907162,4,2,5,2,-1,-3
8305,0.9734230374873905,0.503607418930352,1.0491460483062107,4,2,4,2,0,-2
8999,0.6468794052557132,1.0075298203278646,0.8663016756677144,3,4,4,-1,-1,0
8722,0.8137063901960593,1.085722540782318,0.6758159568665433,3,5,3,-2,0,2
9642,0.34075119860200065,1.0250285886710229,1.2204763374259469,1,4,5,-3,-4,-1
8129,1.067190260624104,0.33426498665058096,1.1964010489725876,5,1,5,4,0,-4
7064,1.4733791555849929,0.36180941619089824,1.2525240282539032,6,2,5,4,1,-3
7556,1.2335259733108248,0.548650472191381,0.9385058181265442,5,2,4,3,1,-2
9658,0.6223238406157361,0.7680791064584646,1.532973572797144,3,3,7,0,-4,-4
8147,1.1010385338342552,0.2654121627868348,1.267535900478179,5,1,5,4,0,-4
8462,0.8787567000605916,0.7716754835954809,0.8309393484591051,4,3,4,1,0,-1
7052,1.3712833763361154,1.1109821425497923,0.3891511018803439,6,5,2,1,4,3
7929,1.1477978557361916,0.2385986461934763,1.2675719627639797,5,1,5,4,0,-4
7401,1.2847934499398606,1.0147806367359566,0.4705549292206904,5,4,2,1,3,2
7488,1.2365374169977403,1.011456796228324,0.4713273561914158,5,4,2,1,3,2
7354,1.299392200122488,0.9163561465756942,0.5768010126148748,6,4,2,2,4,2
7621,1.2371729390281252,0.4107141320006074,1.075378601218935,5,2,5,3,0,-3
8459,1.2320455700185182,1.681706235524595,0.4888570859546762,5,7,2,-2,3,5
7201,1.4045000546609865,1.2979288384108576,0.1910154999188799,6,6,1,0,5,5
7921,1.1543914484545914,0.23224656166958926,1.27178709929513,5,1,5,4,0,-4
6963,1.559380474025259,1.597532164753686,0.11758726930638508,7,7,1,0,6,6
9086,0.8645402408235803,1.504574604654879,0.7214577942580614,4,6,3,-2,1,3
7643,1.425631411836295,1.6489187288806841,0.2480836729805212,6,7,1,-1,5,6
7778,1.1513130051307314,1.2115919655724017,0.3427910582497265,5,5,1,0,4,4
9126,0.586536284397131,1.025447112152069,0.9190864962893508,3,4,4,-1,-1,0
9577,0.40025774333861225,1.2217861057485666,1.068449728833884,2,5,5,-3,-3,0
8156,1.2772287509139832,1.6707156811294253,0.4265578139631275,5,7,2,-2,3,5
9316,0.9609850345319304,1.6948331394537477,0.8056794016788829,4,7,3,-3,1,4
7188,1.3885968585227757,1.2414458432246938,0.24946935153176544,6,5,1,1,5,4
7262,1.323970798100554,0.7370179752160886,0.772704037879961,6,3,3,3,3,0
7210,1.3393765002516165,1.0344963669274878,0.46196407452677,6,4,2,2,4,2
7866,1.3360552024042915,1.6632687297268507,0.3549609560196338,6,7,2,-1,4,5
8173,1.0612647135039557,0.33803197695478365,1.1960147907481131,5,1,5,4,0,-4
7923,1.0657885925779575,1.186935350977518,0.4198653314787206,5,5,2,0,3,3
7085,1.3567381207948523,1.045431069047316,0.4560161875729947,6,4,2,2,4,2
7415,1.4947659510720137,1.6263484316054868,0.16430464870195435,6,7,1,-1,5,6
6896,1.4343101596050516,1.1944472151156251,0.3248850080597053,6,5,1,1,5,4
7547,1.30779630582614,1.3242871115464876,0.1810125415988822,6,6,1,0,5,5
7347,1.3003127698983037,0.9134784453194366,0.5800713189973575,6,4,2,2,4,2
9403,0.874052682292023,0.5656575086063966,1.6058130929397791,4,2,7,2,-3,-5
7759,1.3856439573832722,1.6604471535905119,0.3009978444374941,6,7,1,-1,5,6
8232,1.2690722590918744,1.6714331997494596,0.4362263814117428,5,7,2,-2,3,5
9350,0.7123009583538308,0.6184297349430844,1.3931864092411783,3,3,6,0,-3,-3
9118,0.7930145432528088,0.5380084068128759,1.3993357229195391,3,2,6,1,-3,-4
7199,1.5452278114846083,1.6234919639578718,0.14152509281103906,7,7,1,0,6,6
8810,0.8742402500836569,0.4550268951025485,1.276291772613804,4,2,5,2,-1,-3
6775,1.503444756247305,1.2378598753034156,0.3245822618867853,6,5,1,1,5,4
7726,1.1578363521818882,0.4799811722046951,1.0036759905174288,5,2,4,3,1,-2
8530,0.8631606248560896,0.9543550272658772,0.6984678402542279,4,4,3,0,1,1
7474,1.2551838132134898,0.5698987408902675,0.9214658279921436,5,2,4,3,1,-2
7567,1.316007937221876,1.3658626830133782,0.15682449424182346,6,6,1,0,5,5
9411,0.5029352796533294,0.8705003362600647,1.15428259896306,2,4,5,-2,-3,-1
7946,1.097312253048825,1.2943030684111103,0.3707044476656846,5,6,2,-1,3,4
7834,1.0557743066558103,0.9720096980979908,0.5576062013872702,5,4,2,1,3,2
7830,1.1143055965166777,1.200181886736701,0.3757042223568916,5,5,2,0,3,3
9291,0.9451759531565498,1.6662592394536364,0.7901172767437432,4,7,3,-3,1,4
7221,1.3353548239762725,0.6988124252515863,0.8168400784674246,6,3,3,3,3,0
6779,1.5013223536572171,1.2333342955783997,0.3280585702265343,6,5,1,1,5,4
8769,0.7710951910166639,0.7065724106158915,0.9910868221798712,3,3,4,0,-1,-1
7655,1.4206770319409674,1.650639141593484,0.254860301860153,6,7,1,-1,5,6
8593,0.9494528927397544,0.40347391505230296,1.2253130133516843,4,2,5,2,-1,-3
9280,0.5605073557927049,0.8376923142577856,1.1047780708531847,2,4,5,-2,-3,-1
9548,0.4048389110386246,0.9376515533694344,1.2398252016679898,2,4,5,-2,-3,-1
6944,1.5519561585597426,1.5699405303204934,0.09519315902426592,7,7,0,0,7,7
8626,0.9403203450757688,0.40374519682662413,1.2435764425653473,4,2,5,2,-1,-3
9143,0.6288355695995679,1.1650876557384602,0.8399813300037448,3,5,4,-2,-1,1
9161,0.5801382072667562,0.8454709927938932,1.0657308835623962,2,4,5,-2,-3,-1
9567,0.3894461191223941,0.9489304562125109,1.254745199641209,2,4,5,-2,-3,-1
8044,1.2921121526550974,1.6684524299617567,0.4078178983682505,6,7,2,-1,4,5
9443,0.470238815775346,0.8914830298255232,1.1823729101285136,2,4,5,-2,-3,-1
8756,0.7784252773811028,0.7043911611490001,0.9857990157936238,3,3,4,0,-1,-1
7424,1.3910541877653493,0.2895011084755198,1.2559827862986122,6,1,5,5,1,-4
7048,1.354088532038933,0.7339542589671436,0.7887407255752391,6,3,3,3,3,0
7722,1.171929489166556,0.44440953344624495,1.0386426589296156,5,2,4,3,1,-2
8706,0.8125936484247253,1.074496522865317,0.6807591598497252,3,5,3,-2,0,2
7475,1.471458209032941,1.6320898137907816,0.18761497284110465,6,7,1,-1,5,6
6889,1.4399444716992875,1.197119863437233,0.3252006927763827,6,5,1,1,5,4
7582,1.266789008038623,1.2502257155393417,0.2501454543079201,5,5,1,0,4,4
9373,0.7006623859793095,0.6292357502857285,1.3889156382810564,3,3,6,0,-3,-3
9641,0.3379817051566648,1.0353522395975647,1.2120411878888189,1,4,5,-3,-4,-1
8754,0.8229715710224932,1.1544266724031007,0.6498273612559408,4,5,3,-1,1,2
7961,1.061200848499935,0.40357447567825466,1.1127594268150338,5,2,5,3,0,-3
7500,1.2362610835737105,1.0230264589796896,0.4599098872314998,5,4,2,1,3,2
7171,1.386956086825458,1.229077515111764,0.2627999990527393,6,5,1,1,5,4
7523,1.365746568906974,1.4424541003857467,0.1048593704095745,6,6,0,0,6,6
7996,1.0699276847010601,0.37295300375636864,1.1445758379424358,5,2,5,3,0,-3
8732,0.8330223398516339,1.154147492387319,0.6401970151212171,4,5,3,-1,1,2
9177,0.5720031530245847,0.8778546030950342,1.0409054757068394,2,4,4,-2,-2,0
7124,1.3950632704908426,1.2400117474040506,0.2532960411731475,6,5,1,1,5,4
9003,0.7997771580366108,1.3566589702027545,0.6999743531776959,3,6,3,-3,0,3
6836,1.4654531283775143,1.2080014385544262,0.32956312185180753,6,5,1,1,5,4
7912,1.0767318489201203,0.4187885801338889,1.0876672132002638,5,2,5,3,0,-3
6761,1.526034004974218,1.2129391959430456,0.3735597157932524,7,5,2,2,5,3
8392,1.098282728114126,0.2299545128499658,1.3508434352339749,5,1,6,4,-1,-5
7668,1.2100294410689565,0.4068401523254988,1.0763318778763409,5,2,5,3,0,-3
8437,0.999600249489474,0.37921050505405385,1.1960008217916314,4,2,5,2,-1,-3
7123,1.3960101337521258,1.2432272953330512,0.2500007402040906,6,5,1,1,5,4
6938,1.5528769893306231,1.5682402495049679,0.0946898056416949,7,7,0,0,7,7
8176,0.953112325912604,0.956843075712222,0.6299522247357354,4,4,3,0,1,1
6791,1.519119362885173,1.3206922303983972,0.2417682144764648,6,6,1,0,5,5
8523,0.8696179333794023,0.681932566874916,0.9259569775485914,4,3,4,1,0,-1
6783,1.5002477690372258,1.2329658218420705,0.3275791175133589,6,5,1,1,5,4
8015,1.0689206193172616,0.37317104001805024,1.1449065496122093,5,2,5,3,0,-3
9612,0.8104726509154264,0.7146015920220261,1.6988610343791744,3,3,7,0,-4,-4
8007,1.061308685731294,0.39155452891970266,1.127041543693451,5,2,5,3,0,-3
8872,0.8572124774658093,0.4669444838052099,1.3058967095125824,4,2,6,2,-2,-4
8792,1.1113779871125469,1.6691790217503115,0.6073935862680339,5,7,3,-2,2,4
8852,0.7639290981345023,1.1552240497819637,0.7071285558451048,3,5,3,-2,0,2
6751,1.6379268856090987,0.5177887333344882,1.2702430710212045,7,2,5,5,2,-3
8085,1.2885475336492578,1.6721523501248414,0.4161640363424413,6,7,2,-1,4,5
7893,1.0842888432757989,0.4254571424961876,1.0771274676652491,5,2,5,3,0,-3
8588,0.8386859834208206,0.9641305925936448,0.712338059809833,4,4,3,0,1,1
7509,1.3042783103934177,1.286451354245863,0.20777388920229692,6,5,1,1,5,4
6812,1.5173651386879572,1.3532714509677666,0.20195974441775394,6,6,1,0,5,5
8953,0.6714156704314013,1.0009186308458835,0.8452686737095841,3,4,4,-1,-1,0
8098,0.9753005541254794,0.6142085103654416,0.924626417770078,4,3,4,1,0,-1
8407,0.9099836086583942,0.6490300865215638,0.9298961025960748,4,3,4,1,0,-1
8699,0.8185877147193212,1.086764026304683,0.6709568122061912,3,5,3,-2,0,2
7382,1.4422855839617936,1.4737357569994922,0.02690677412611014,6,6,0,0,6,6
8895,0.7509494943115687,1.1738608809256628,0.7180269391156834,3,5,3,-2,0,2
9308,0.9542227172677435,1.6861036307009467,0.8029492312123909,4,7,3,-3,1,4
8696,0.8164045617995661,1.0758077320238189,0.6767866582343336,3,5,3,-2,0,2
7727,1.1660322669877694,0.45266827296891,1.0306574112496942,5,2,4,3,1,-2
9574,0.3869773349155701,0.9512971660657924,1.2557297306260926,2,4,5,-2,-3,-1
7480,1.3013597724227342,1.2642679864738309,0.2260950959039951,6,5,1,1,5,4
9004,0.6455993025959297,1.0069745371000427,0.8678530704393995,3,4,4,-1,-1,0
7700,1.1697623177545162,0.4885786252277996,0.994322653124542,5,2,4,3,1,-2
8062,1.0453846208870008,0.41274113146959934,1.1109264229865947,4,2,5,2,-1,-3
6814,1.443554607603854,0.7720049859230474,0.8005669140860432,6,3,3,3,3,0
7044,1.3709148073947244,1.1038517829247179,0.3969295237577887,6,5,2,1,4,3
8438,0.8941712243899677,0.9585230306072144,0.6714534357341406,4,4,3,0,1,1
8410,1.1245865114286224,1.5015051132000328,0.4261512375860736,5,6,2,-1,3,4
8585,0.9591992421107636,0.3921519785232208,1.2322103107251536,4,2,5,2,-1,-3
7345,1.3067723999613945,0.9878949205376958,0.5029528613310893,6,4,2,2,4,2
6912,1.544613252069985,1.5318315396595965,0.07664531216629457,7,7,0,0,7,7
8736,1.020133446948783,0.3093245769903638,1.4251995183701656,4,1,6,3,-2,-5
7422,1.406216970774828,1.4585139485723242,0.06356993376935254,6,6,0,0,6,6
9210,0.5628660773324449,0.913329217060859,1.018572000936343,2,4,4,-2,-2,0
8180,1.056267733771855,0.3467670230803361,1.1879863248978892,5,1,5,4,0,-4
7787,1.1443254991010496,1.2092364799186188,0.3489971477732711,5,5,1,0,4,4
9593,0.8294673460805941,0.7107160568756569,1.7138446951178032,4,3,7,1,-3,-4
9538,0.8445683112501792,0.6648327698870687,1.6831836627431638,4,3,7,1,-3,-4
7436,1.3218732060471057,1.2695391521195534,0.2162226946176366,6,5,1,1,5,4
9326,0.941070026452694,1.6731709127933865,0.8026586843930112,4,7,3,-3,1,4
7856,1.114452339121354,1.2233939387205848,0.3669608837163003,5,5,2,0,3,3
8178,0.9462936235544438,0.9009872871804414,0.6760249816535695,4,4,3,0,1,1
9522,0.631773786057024,0.7225657414013126,1.4643167758159292,3,3,6,0,-3,-3
7238,1.3290164067849142,0.7218997423265998,0.7903567271798214,6,3,3,3,3,0
8060,1.0441128473433745,0.4159810699445003,1.1077901378733346,4,2,5,2,-1,-3
8333,1.1056253231361772,0.228298099797074,1.335273923193682,5,1,6,4,-1,-5
7777,1.1342284009359092,0.4605525657260901,1.0263335026150269,5,2,4,3,1,-2
8875,0.7540649458576015,1.1536807101220174,0.7169943662804976,3,5,3,-2,0,2
8255,1.1051322391469869,1.4112739729623092,0.39053782366248413,5,6,2,-1,3,4
9536,0.4375741598647743,1.2105304662747454,1.0307500750387966,2,5,4,-3,-2,1
9218,0.9345448616205648,1.6308604069073585,0.7628118882935873,4,7,3,-3,1,4
9390,0.8784561441340678,0.5550503329884254,1.5982409381859009,4,2,7,2,-3,-5
9364,0.5327981578486035,0.8525610000560945,1.1289707250110743,2,4,5,-2,-3,-1
7637,1.2305519233208948,0.4099120626180113,1.0752363860119438,5,2,5,3,0,-3
8365,1.116117468241539,1.4683661987490195,0.4114306783248208,5,6,2,-1,3,4
6906,1.513428268190634,0.3995502171982708,1.253218562202089,6,2,5,4,1,-3
8637,0.9342627712705152,0.4075419461590477,1.2477734173925232,4,2,5,2,-1,-3
8355,0.9416594436057868,0.5717532247662405,0.99219066014408,4,2,4,2,0,-2
8897,1.0940558777486449,1.7014029112667153,0.6646651394261603,5,7,3,-2,2,4
7622,1.237542657028431,0.4096587118762205,1.076470062588876,5,2,5,3,0,-3
6682,1.7055397868670898,0.8147507886070051,1.0123067017280662,7,3,4,4,3,-1
6639,1.828201286239888,0.7551429984060236,1.2576284016525094,8,3,5,5,3,-2
6831,1.5237153037264597,1.390236902992038,0.16561239514251086,7,6,1,1,6,5
8525,1.0730502323800883,0.2498733684199237,1.3765558273162286,5,1,6,4,-1,-5
9398,0.6871024220125298,0.6453700269144508,1.3999134390064245,3,3,6,0,-3,-3
7768,1.3783784315682923,1.6569733448682566,0.3037852555564797,6,7,1,-1,5,6
8774,1.0063476916394398,0.3278571991753216,1.439291241748901,4,1,6,3,-2,-5
6781,1.5005439837717227,1.2302173467785134,0.33103945661293704,6,5,1,1,5,4
9611,0.7507947252990914,0.7241078546068305,1.645275776998837,3,3,7,0,-4,-4
6822,1.5537054492573197,0.438510212403939,1.2554734571584842,7,2,5,5,2,-3
8937,0.6812224633857152,0.9971224458277398,0.8375823953102436,3,4,4,-1,-1,0
8704,0.8404146362439511,1.1557980937088546,0.6328150428500048,4,5,3,-1,1,2
7206,1.3988272551555163,1.2836992210105869,0.20526622533974548,6,5,1,1,5,4
7791,1.0867354941606469,1.0184691182008572,0.5058740342299277,5,4,2,1,3,2
8335,1.0271746815219371,0.3620593308274289,1.1925306938941431,4,2,5,2,-1,-3
8478,0.8848633544542669,0.6777511951639595,0.918361911473932,4,3,4,1,0,-1
7140,1.3433147638467484,0.7274837967348332,0.7905879322330068,6,3,3,3,3,0
8950,0.7686917181433679,1.2558435693957546,0.7032803746012097,3,5,3,-2,0,2
7084,1.3710700265388531,1.1249785116974438,0.3735160935510075,6,5,2,1,4,3
7965,1.1116608040278275,0.2872379317628715,1.2270405085606542,5,1,5,4,0,-4
8784,0.8850627768800712,0.4466932562373791,1.2677731634608136,4,2,5,2,-1,-3
9426,0.4863694418325532,0.8812875971818097,1.1679003150792595,2,4,5,-2,-3,-1
8146,1.0954513212635666,0.2756435533622669,1.2569955834763544,5,1,5,4,0,-4
7543,1.2202022759107445,0.9949274105486208,0.4883659688217156,5,4,2,1,3,2
8511,0.8622005808697759,0.882885603404512,0.7496188212919561,4,4,3,0,1,1
9336,0.7424880182956056,0.5951808338860516,1.4209416946885745,3,3,6,0,-3,-3
8234,1.000609530288854,1.1737495597518974,0.4800766652086574,4,5,2,-1,2,3
8084,1.0033437790425783,0.5199284431133416,1.0109786972380932,4,2,4,2,0,-2
7756,1.149097350778027,0.4686978662654182,1.0159384554167947,5,2,4,3,1,-2
8528,0.8654200377582573,0.9616900829640386,0.6919649532805395,4,4,3,0,1,1
7571,1.3167811029890155,1.3722005028811464,0.1544313232594285,6,6,1,0,5,5
8103,1.165976503859519,0.16570934721385028,1.370522830420147,5,1,6,4,-1,-5
6640,1.8252346652685676,0.7565737462359758,1.2510395026396008,8,3,5,5,3,-2
7749,1.2563862829745578,0.2083741830145709,1.2749784410068947,5,1,5,4,0,-4
8812,0.873318460808942,0.4558017493502302,1.2768010524670141,4,2,5,2,-1,-3
7540,1.4610836079834475,1.6379332481654538,0.203263751122098,6,7,1,-1,5,6
8167,1.0998835655773114,1.3771643530027002,0.382250956322614,5,6,2,-1,3,4
9359,0.7130211623650899,0.6182530796949315,1.3956265511501094,3,3,6,0,-3,-3
7458,1.2485149112649825,1.0062525931618425,0.4764632564016013,5,4,2,1,3,2
8260,1.0172688996872121,0.41071511879140266,1.1329860937959086,4,2,5,2,-1,-3
9261,0.9504546833717972,1.6573683120406484,0.7741265796047729,4,7,3,-3,1,4
7635,1.426887770359507,1.6437851714511873,0.24029746675532204,6,7,1,-1,5,6
8802,0.7422994139721306,0.9820721333819808,0.7872582499417171,3,4,3,-1,0,1
7364,1.2980785637571723,0.9295588138798117,0.5625574225505788,6,4,2,2,4,2
8986,0.7877580349529403,1.324901786457538,0.7004653525482327,3,6,3,-3,0,3
6795,1.5674009231859318,0.4507096412464819,1.2579935250008891,7,2,5,5,2,-3
7887,1.0867477151898777,1.1928600735526849,0.4004995521145561,5,5,2,0,3,3
9113,0.5910853584072001,1.0244086077466183,0.914876444148926,3,4,4,-1,-1,0
8049,1.0498364806231115,0.4038810329527223,1.1189476249044918,4,2,5,2,-1,-3
7222,1.4773969144865922,1.4895033669971434,0.009503159890105872,6,6,0,0,6,6
7967,1.0958205431670145,1.3068105729023212,0.3725001275480069,5,6,2,-1,3,4
8959,0.8214161186288634,0.5014941767997322,1.318002488894871,4,2,6,2,-2,-4
8519,1.1644017177513797,1.6071963412296193,0.4792096414549776,5,7,2,-2,3,5
8514,0.9235637290721912,1.1614820501034957,0.5531209581533839,4,5,2,-1,2,3
6709,1.6558108834249985,0.8650636533338987,0.896129756043225,7,4,4,3,3,0
7385,1.3644865301644757,1.2884391315267425,0.19428125166473856,6,6,1,0,5,5
7252,1.325971685962564,0.7398823897323467,0.7705089854331185,6,3,3,3,3,0
7919,1.067213855412576,1.1879897696222892,0.4183086468221755,5,5,2,0,3,3
8949,1.086089105327207,1.7111421109978768,0.6853038448801545,5,7,3,-2,2,4
9151,1.0197511643461097,1.719204862697935,0.7691794320443208,4,7,3,-3,1,4
9107,0.8872524811351502,1.5467988230132173,0.7323583409561264,4,7,3,-3,1,4
7823,1.0575610029110099,0.9764144176431998,0.5532218799624412,5,4,2,1,3,2
8010,1.06307491516781,0.3872259363580205,1.1312425305806513,5,2,5,3,0,-3
8193,1.0623959134463672,0.3307135345905846,1.205428034061563,5,1,5,4,0,-4
7813,1.11221221820583,0.44291265220214826,1.0493317989325,5,2,4,3,1,-2
6890,1.5327496405223862,1.476355634366714,0.08641925967489086,7,6,0,1,7,6
9469,0.6515372423206496,0.6939210016797441,1.442007363005246,3,3,6,0,-3,-3
7767,1.3812874915053692,1.6603054464152875,0.30512464236086595,6,7,1,-1,5,6
7821,1.1172918482756553,1.2056897357538239,0.3711304871431475,5,5,2,0,3,3
8695,0.8173617409319847,1.0790126891941,0.6747612074401518,3,5,3,-2,0,2
7719,1.1614478205111436,0.4827555546260855,1.0006146183108136,5,2,4,3,1,-2
6922,1.534801545498628,1.517956407806866,0.06715533885933876,7,6,0,1,7,6
9433,0.4803916522375617,0.8848773108245652,1.1735043483113892,2,4,5,-2,-3,-1
8674,0.8099169510590045,1.0352083154367884,0.6992096755855166,3,4,3,-1,0,1
7487,1.3006972896386977,1.2652063625544092,0.2255493266340881,6,5,1,1,5,4
6701,1.6779733521823081,0.8381705567218872,0.9520660017114234,7,4,4,3,3,0
9441,0.6618242822589505,0.6797559700901237,1.4310119898980131,3,3,6,0,-3,-3
9368,0.7045408065365489,0.6256291837301674,1.3903293021582968,3,3,6,0,-3,-3
9445,0.6595833200166834,0.6826835825673616,1.4330273719854505,3,3,6,0,-3,-3
8050,1.0507041674624882,0.4017224350178239,1.1210414074767865,4,2,5,2,-1,-3
9225,0.5587883660714357,0.9592932234584156,0.987047017606398,2,4,4,-2,-2,0
6824,1.5146059594595844,1.3562328334534903,0.19578379540165486,6,6,1,0,5,5
9402,0.509286520445718,0.8661984642580343,1.1494914228559088,2,4,5,-2,-3,-1
8581,0.8408707532821915,0.9636305905362202,0.7108254047805693,4,4,3,0,1,1
9257,0.5567914942142083,1.0030817042350422,0.9617369244932656,2,4,4,-2,-2,0
8602,0.8810541092573703,1.156916362755579,0.5938948802276486,4,5,3,-1,1,2
8786,0.7648648377484273,1.0433452354333186,0.7369104456426941,3,4,3,-1,0,1
9397,0.543817447273871,1.180714343821012,0.9242907392396668,2,5,4,-3,-2,1
7546,1.34985671999147,0.2577018103664547,1.2602678619166583,6,1,5,5,1,-4
8761,0.8190671378474615,1.1531167326743204,0.6538082262774563,4,5,3,-1,1,2
9040,0.825215695482585,1.422233382874592,0.7064446222450179,4,6,3,-2,1,3
6745,1.5478861391124918,1.0865401369051977,0.5379909301087168,7,5,2,2,5,3
8338,0.9504858451990934,0.5546387826364225,1.0054872705132778,4,2,4,2,0,-2
8686,0.8133461236343114,1.0571052003888814,0.6867368634312837,3,5,3,-2,0,2
7569,1.228648748843976,0.545005001754769,0.9413860002982564,5,2,4,3,1,-2
7170,1.388508044728313,1.2344402080103176,0.2572983603245739,6,5,1,1,5,4
9033,0.6469989138859706,0.7588120586256469,1.0822816669181248,3,3,5,0,-2,-2
8545,0.859786147884042,0.9617332006480878,0.696480533443636,4,4,3,0,1,1
8151,0.9460644128420781,0.8436790542745078,0.7227708729330093,4,4,3,0,1,1
9046,0.6406268178057548,0.7625554266621031,1.0865520652366338,3,3,5,0,-2,-2
6816,1.4439922330896118,0.7682007037235994,0.8049260429448147,6,3,3,3,3,0
8638,1.1637838739437203,1.6741871725856972,0.5549561207614565,5,7,2,-2,3,5
6983,1.3627795887570826,0.7386127776716577,0.7880366661672596,6,3,3,3,3,0
7588,1.3251525773219013,1.4044120465860064,0.14289564333431926,6,6,1,0,5,5
8249,1.1093825528777583,0.2354371118965304,1.3110659856687832,5,1,6,4,-1,-5
9050,0.6686951878805483,1.16011750053429,0.8006632384602537,3,5,3,-2,0,2
7431,1.3264094703959908,1.2713209649199708,0.2137461948745038,6,5,1,1,5,4
8569,0.8475972353029527,0.9632352495384916,0.7054997138735283,4,4,3,0,1,1
7931,1.1485037744716118,0.2356364849576161,1.2710515055235243,5,1,5,4,0,-4
8520,0.860585485490524,0.9051353265972408,0.7343052159393598,4,4,3,0,1,1
6871,1.416086016580251,0.7686668450510201,0.7860575588843937,6,3,3,3,3,0
8087,0.9960117746661202,0.541847468331634,0.9907851434349082,4,2,4,2,0,-2
8314,1.112098114029946,1.4430812418980432,0.3998007587653824,5,6,2,-1,3,4
8832,0.7745614054532428,1.1530456903282045,0.6970249478044439,3,5,3,-2,0,2
8220,1.038120015072142,0.3750450173220141,1.1640132912110042,4,2,5,2,-1,-3
7944,1.134493283050941,0.2532794165495296,1.2568003537865224,5,1,5,4,0,-4
7175,1.34113480705818,0.7075263545831608,0.8103263382880589,6,3,3,3,3,0
8492,0.9850163323426804,0.3851775998083809,1.2045413350379142,4,2,5,2,-1,-3
6988,1.37351756659076,1.0784784758737458,0.4261407484793343,6,5,2,1,4,3
9572,0.38609085269188825,0.95280774257393,1.2543142885920069,2,4,5,-2,-3,-1
9382,0.6958888788961747,0.6345354185149983,1.3912376035592042,3,3,6,0,-3,-3
9454,0.6543094327722506,0.6890632830968791,1.4362002338133413,3,3,6,0,-3,-3
8299,0.9876724392478712,0.4689843018644211,1.0810683855859615,4,2,5,2,-1,-3
7782,1.2351312641880987,0.2035400092103658,1.2793191553712973,5,1,5,4,0,-4
8639,0.859497966998417,1.1558757938155086,0.6145495788243058,4,5,3,-1,1,2
7819,1.0652661810654491,1.013889052311168,0.5203387627492101,5,4,2,1,3,2
9531,0.4439519973492134,1.2078439553099964,1.0242888202066611,2,5,4,-3,-2,1
7587,1.3381531829874795,1.432932941240277,0.13328740763947505,6,6,1,0,5,5
7770,1.1395397143625206,0.4643574469395254,1.0216013409676707,5,2,4,3,1,-2
8651,0.804339601960652,0.9826457628553464,0.730859761545986,3,4,3,-1,0,1
9639,0.6921857597641045,0.7412575660697077,1.5948646567010432,3,3,7,0,-4,-4
7686,1.1975635654371164,0.42030186718331575,1.062442175436482,5,2,5,3,0,-3
7389,1.2955883548125235,1.016212229231947,0.4707437454029758,6,4,2,2,4,2
6939,1.5492825138132318,1.5606927353936098,0.08861139158340173,7,7,0,0,7,7
8866,0.9760482666406272,0.369987854115407,1.4661580152123728,4,2,6,2,-2,-4
6699,1.679380820656838,0.8374825901654613,0.9545215270104702,7,4,4,3,3,0
9296,0.7731000246339349,0.5703415945798738,1.4399973787676743,3,2,6,1,-3,-4
9571,0.3856515735766116,0.9535640448164072,1.2536074221326827,2,4,5,-2,-3,-1
8204,1.147241170683297,0.1839178818686715,1.3627427559365453,5,1,6,4,-1,-5
9274,0.8982074068905121,0.5089682924208894,1.5643013541117692,4,2,7,2,-3,-5
9061,0.8215775255147874,0.5080016856312124,1.3954393362495243,4,2,6,2,-2,-4
8535,0.9159583301233666,1.161673880968492,0.560146339333643,4,5,2,-1,2,3
6706,1.6634751706926951,0.8555226454447041,0.9155905436430314,7,4,4,3,3,0
7045,1.3691068596175535,1.0943072005442418,0.4068205732197723,6,5,2,1,4,3
9442,0.4972462197599393,1.1913088554452695,0.9707677554000962,2,5,4,-3,-2,1
8954,0.6841938459032768,0.7409676474341359,1.0537135760818337,3,3,5,0,-2,-2
8720,1.145429783381124,1.6720145520432268,0.5727759406824475,5,7,2,-2,3,5
7960,1.1927832669553742,0.1443768094858882,1.3722850053334728,5,1,6,4,-1,-5
6872,1.4149847348326423,0.7681455377270523,0.7859260706792153,6,3,3,3,3,0
7503,1.3037386374525013,1.2822285214397349,0.21115514165169802,6,5,1,1,5,4
9637,0.6787097151890206,0.7456005034125062,1.5827339765710635,3,3,7,0,-4,-4
8081,1.0810627886316846,0.32267941131573824,1.201472298624641,5,1,5,4,0,-4
8256,0.9960857750180179,1.1730905375490723,0.4842718096498645,4,5,2,-1,2,3
7003,1.56008230425886,1.6159513837056312,0.13373492240454896,7,7,1,0,6,6
8998,0.7962318789331094,1.3475851838135016,0.6999670833822074,3,6,3,-3,0,3
6888,1.4843144299780922,1.3474825877087833,0.17863650497260156,6,6,1,0,5,5
7371,1.2985412947739918,0.9609042878130692,0.5296058242373274,6,4,2,2,4,2
8540,0.8608787365658787,0.9615061431664638,0.6957399027892484,4,4,3,0,1,1
8571,0.8452407167101674,0.9626450547657504,0.7078111336388023,4,4,3,0,1,1
9627,0.7052958795003426,0.7364214375553958,1.6055035800360835,3,3,7,0,-4,-4
8791,0.7569557991302109,0.7091888633463317,1.0035625938186936,3,3,4,0,-1,-1
7417,1.3390543669954849,1.2796402441147299,0.2041530096386492,6,5,1,1,5,4
8691,0.7932147600045322,0.971186615072283,0.7472022036151316,3,4,3,-1,0,1
7822,1.0641811450790823,1.0138920807259668,0.5209155392949227,5,4,2,1,3,2
9545,0.8430398043606394,0.6723673325105151,1.6893114124975317,4,3,7,1,-3,-4
9173,0.5836506610949694,0.8280155434177826,1.0823382982981369,2,4,5,-2,-3,-1
9338,0.7535405438239189,0.5880847624758342,1.433765096004353,3,3,6,0,-3,-3
6766,1.5219449736392452,1.2490413569086,0.3279904708832225,7,5,1,2,6,4
8907,0.7007657025892551,0.7338116585251164,1.0410659961900115,3,3,4,0,-1,-1
7329,1.3113576380330156,0.9993991346349492,0.4918288110328099,6,4,2,2,4,2
9206,1.0114521515494934,1.7188124909731033,0.7779981675731744,4,7,3,-3,1,4
7159,1.3843785082272198,1.2164714051372407,0.2760697715205198,6,5,1,1,5,4
7254,1.3276859999301005,0.7235211998956814,0.7881452399748818,6,3,3,3,3,0
9360,0.7061500548130513,0.6237377231306042,1.3890512883024762,3,3,6,0,-3,-3
7038,1.367523206529329,1.0797811288689736,0.4222919535018552,6,5,2,1,4,3
9573,0.3865327761580965,0.9520521157871497,1.2550217250773748,2,4,5,-2,-3,-1
7274,1.3302025098721368,0.6635142170316762,0.8509637645107191,6,3,4,3,2,-1
7412,1.2877908612554725,0.6023056345389068,0.8976634318079463,6,3,4,3,2,-1
9652,0.39988666805154494,0.9241607136386284,1.3141223634389978,2,4,6,-2,-4,-2
8623,0.8217220070803879,0.6923649399832974,0.9563245531516548,4,3,4,1,0,-1
6714,1.638389535553464,0.8878034335343941,0.8512799816926198,7,4,4,3,3,0
9513,0.43074235923236,0.9187837061113386,1.2166571547522769,2,4,5,-2,-3,-1
9111,1.027808256071886,1.7183006993262109,0.7590493903798375,4,7,3,-3,1,4
8486,0.8787021775792265,0.9602053323824792,0.6823592990273964,4,4,3,0,1,1
8661,0.8045941123386247,0.9959943610387796,0.7233135900602566,3,4,3,-1,0,1
7370,1.2997295778985662,0.9726318959801428,0.517492638135265,6,4,2,2,4,2
7591,1.3356822248558622,1.4316223371857073,0.1357002080644744,6,6,1,0,5,5
8778,0.8065536846827552,1.1530295591902684,0.665917729732675,3,5,3,-2,0,2
8555,1.1782351282824637,1.6439547567874184,0.5039949568631821,5,7,2,-2,3,5
9440,0.8615092793620985,0.6027048745437489,1.6345209450383469,4,3,7,1,-3,-4
8735,0.9075994768100408,0.4301689392285184,1.2520619842967096,4,2,5,2,-1,-3
9508,0.4346283383357831,0.9148851014191002,1.2156280788378862,2,4,5,-2,-3,-1
7152,1.34320028067993,0.7094261226179144,0.8092695804041842,6,3,3,3,3,0
8316,0.975406325444196,0.4924734750526677,1.0612095645971729,4,2,5,2,-1,-3
9512,0.6361247081843303,0.717114886863389,1.4617175795947293,3,3,6,0,-3,-3
8837,0.7321888424897034,0.7206596115002033,1.0184359676682715,3,3,4,0,-1,-1
8750,0.782370304266135,0.7000228321131988,0.9866736929385772,3,3,4,0,-1,-1
9214,0.5608302212444111,0.9335929496478984,1.0039937447564595,2,4,4,-2,-2,0
7320,1.3171674976089276,1.0266232969187203,0.4642209460723524,6,4,2,2,4,2
8977,0.6592429853298201,1.0046606104326266,0.8554164540998425,3,4,4,-1,-1,0
9263,0.555955450931593,1.0055450420741998,0.961275809906838,2,4,4,-2,-2,0
9262,0.9486606376969388,1.6552646692989657,0.773778055418903,4,7,3,-3,1,4
8443,1.1305563509064114,1.5232688485976364,0.4371662227383544,5,7,2,-2,3,5
8393,0.9149926015818716,0.6396757923509092,0.9362609760330716,4,3,4,1,0,-1
6892,1.4040748736242066,0.7620221825899425,0.7857919925238211,6,3,3,3,3,0
7648,1.1919581668908923,0.5098283994397501,0.9730438113924484,5,2,4,3,1,-2
8346,0.9461968974304782,0.5626617241510056,0.9993277692619036,4,2,4,2,0,-2
7378,1.2970355349178186,0.9563589229133664,0.5340600034532518,6,4,2,2,4,2
7450,1.2652469320764577,0.5821606474032521,0.911575919460162,5,2,4,3,1,-2
8268,1.0001194026533058,0.4483868497426425,1.097589299896516,4,2,5,2,-1,-3
9222,0.7885563228606893,0.5490780957730662,1.423542379691734,3,2,6,1,-3,-4
9347,0.5370603057457339,0.8497961753343194,1.125828743151167,2,4,5,-2,-3,-1
