idx,lat,lon,dist_1,dist_2,dist_3,delay_1,delay_2,delay_3,delay_12,delay_13,delay_23
7080,-8.05556,-34.95494,1.3811940011903685,1.1697143395330687,0.3273537659463942,6,5,1,1,5,4
9438,-8.0475,-34.94757,0.6648834295101081,0.6763106066681995,1.429879114516344,3,3,6,0,-3,-3
8840,-8.04986,-34.94585,0.9832892255320964,0.35938443174676826,1.4590808759719236,4,2,6,2,-2,-4
7629,-8.053930000000001,-34.94827,1.2329405697562137,0.4129454575444764,1.0725749010441132,5,2,5,3,0,-3
7988,-8.05223,-34.94815,1.0627626634683378,0.3902638411715524,1.1277559992889696,5,2,5,3,0,-3
7489,-8.05447,-34.946509999999996,1.3637146067577883,0.2675475354522244,1.2590169616863458,6,1,5,5,1,-4
8963,-8.04935,-34.94575,0.9511890099416452,0.4091455406841087,1.4931926756529803,4,2,6,2,-2,-4
7805,-8.05297,-34.95389,1.0765433511150595,1.0161296157331785,0.5127645514693628,5,4,2,1,3,2
9185,-8.04854,-34.95126,0.572096823438313,0.8710948275648819,1.0478418357225558,2,4,4,-2,-2,0
8893,-8.04963,-34.95475,0.7507241134370749,1.1679356751995176,0.7187286832588888,3,5,3,-2,0,2
8739,-8.05039,-34.953759999999996,0.7948929338299271,1.039220335442956,0.7110125542285991,3,4,3,-1,0,1
9138,-8.04862,-34.95084,0.5891429912413564,0.8278129984338234,1.0745677795837354,3,4,5,-1,-2,-1
8570,-8.050989999999999,-34.94765,0.9648041485997838,0.38975909551032745,1.227143362813699,4,2,5,2,-1,-3
9488,-8.04721,-34.9506,0.4466653876972687,0.9064236814874536,1.2049866155863107,2,4,5,-2,-3,-1
9238,-8.04846,-34.946979999999996,0.7854333696055721,0.5520563066293975,1.4228535439914485,3,2,6,1,-3,-4
7051,-8.055589999999999,-34.954440000000005,1.3725640471395562,1.1173539027462331,0.3825572379377535,6,5,2,1,4,3
9307,-8.04819,-34.95905,0.9392709220172256,1.6679463142349389,0.7986739237366172,4,7,3,-3,1,4
7678,-8.05367,-34.94836,1.2025233120584742,0.4155762543131791,1.0672967821528825,5,2,5,3,0,-3
7297,-8.05526,-34.95155,1.3103964100569765,0.8021839764168007,0.6999816705891158,6,3,3,3,3,0
8324,-8.051689999999999,-34.94932,0.9611546545327424,0.5292551702151641,1.0274444089434596,4,2,4,2,0,-2
8454,-8.05137,-34.95058,0.893062803848615,0.672581426075599,0.9175456756433548,4,3,4,1,0,-1
9043,-8.04899,-34.95973,1.0514410542708217,1.7149631763858992,0.728555479683174,4,7,3,-3,1,4
7269,-8.05532,-34.9537,1.3293668243565555,1.0307951965013489,0.46295916433398404,6,4,2,2,4,2
6913,-8.05593,-34.95814,1.5402281653982577,1.522154423043428,0.07246512763404768,7,7,0,0,7,7
8627,-8.05069,-34.95971,1.1699410056203272,1.6753904173463705,0.5495555227331181,5,7,2,-2,3,5
7366,-8.05512,-34.95325,1.3012891858019755,0.9771774228823912,0.513039104495163,6,4,2,2,4,2
7907,-8.05251,-34.955459999999995,1.0752339494586065,1.1898937361657314,0.4109982622067115,5,5,2,0,3,3
6771,-8.05665,-34.955709999999996,1.5192612876741376,1.2858027544811337,0.28268379047344,6,5,1,1,5,4
7905,-8.05252,-34.95977,1.3215385663880468,1.6647416489304536,0.3719993958994576,6,7,2,-1,4,5
8470,-8.05133,-34.9506,0.8883221351532549,0.6758320787703274,0.9177265775715558,4,3,4,1,0,-1
9052,-8.04895,-34.95035,0.638067709791967,0.7626315154490202,1.0903778672547342,3,3,5,0,-2,-2
6625,-8.05941,-34.94664,1.8645181802733293,0.7530098990659722,1.3210226528786162,8,3,6,5,2,-3
7287,-8.05528,-34.95136,1.3135649497240405,0.7831637651674273,0.7209071648399411,6,3,3,3,3,0
7214,-8.0554,-34.95615,1.4016890966893998,1.2953003816124082,0.1931024337507205,6,6,1,0,5,5
7553,-8.05429,-34.95671,1.3094985001132184,1.3359377356862034,0.17373101524274326,6,6,1,0,5,5
7723,-8.05348,-34.9465,1.2670552953685308,0.21180046194525848,1.2729769400810258,5,1,5,4,0,-4
7328,-8.05519,-34.95349,1.3120361753523275,1.004730038872811,0.48631977361738504,6,4,2,2,4,2
7098,-8.055539999999999,-34.954809999999995,1.3757469062561527,1.155291320916342,0.3414735197768077,6,5,1,1,5,4
8442,-8.05141,-34.94769,1.0032811130882775,0.3707592097417322,1.205655374469507,4,2,5,2,-1,-3
7685,-8.05364,-34.95349,1.1421623521227828,0.9755314784582884,0.5204068339669143,5,4,2,1,3,2
8000,-8.05223,-34.94782,1.0778045866039214,0.35459542559804164,1.1624734432494153,5,2,5,3,0,-3
8379,-8.05156,-34.95984,1.2479210888206849,1.6784145250767633,0.4676036764644804,5,7,2,-2,3,5
8481,-8.05129,-34.947759999999995,0.987938185509232,0.38363595188373895,1.2033084198593076,4,2,5,2,-1,-3
7398,-8.05495,-34.95363,1.2877685581674343,1.0133715455218606,0.4724508331683678,6,4,2,2,4,2
7033,-8.05561,-34.954370000000004,1.3732443778952943,1.1105175641347127,0.39042561462799,6,5,2,1,4,3
7464,-8.05456,-34.95363,1.2450725373962386,1.0045544637090342,0.4781217634424751,5,4,2,1,3,2
9620,-8.04645,-34.94853,0.5085311518137642,0.8295394920371298,1.4244707559056922,2,4,6,-2,-4,-2
9596,-8.04647,-34.945370000000004,0.8049222276946614,0.7141832285403328,1.692822864333818,3,3,7,0,-4,-4
7243,-8.05537,-34.95068,1.329608257465392,0.7168046614925148,0.7958680114989182,6,3,3,3,3,0
9444,-8.04744,-34.95064,0.4691906968856275,0.89222979767929,1.1831872943095616,2,4,5,-2,-3,-1
9029,-8.04905,-34.95445,0.6787013121490337,1.1584758715788954,0.790870678690117,3,5,3,-2,0,2
7630,-8.053930000000001,-34.94825,1.2336775072103778,0.4108285826889823,1.074756757470499,5,2,5,3,0,-3
6784,-8.0566,-34.95514,1.4981859490195042,1.2246536709366318,0.3355530801699797,6,5,1,1,5,4
8136,-8.05199,-34.9476,1.0646964943505974,0.3377509228436889,1.1935949972453253,5,1,5,4,0,-4
9239,-8.04845,-34.95888,0.9405428562196526,1.6413193601730165,0.7674358066387406,4,7,3,-3,1,4
7331,-8.05519,-34.95236,1.3023202318084641,0.8847917354559455,0.6108345090521102,6,4,3,2,3,1
7361,-8.05513,-34.95366,1.3079426142246109,1.021239517055493,0.4678405560396637,6,4,2,2,4,2
8873,-8.049710000000001,-34.95953,1.0830003748471018,1.6751249291641068,0.6459359405010067,5,7,3,-2,2,4
6878,-8.05613,-34.95505,1.4453220103138968,1.198761123827882,0.3266736150338965,6,5,1,1,5,4
8400,-8.05151,-34.95019,0.9166976078757724,0.6271007925523808,0.9485903211022972,4,3,4,1,0,-1
9563,-8.04668,-34.950590000000005,0.3926175059360919,0.9472297676080536,1.2499415175116921,2,4,5,-2,-3,-1
8632,-8.05065,-34.95317,0.8099434116335693,0.9689343068440424,0.7338908537595149,3,4,3,-1,0,1
9105,-8.04871,-34.947140000000005,0.7932749464668699,0.5363980104236297,1.3932602635190765,3,2,6,1,-3,-4
7230,-8.05538,-34.9504,1.3344350999482275,0.688832161391229,0.8267393637626219,6,3,4,3,2,-1
8716,-8.05045,-34.95386,0.8040695280245371,1.0481219489952636,0.6988616792688329,3,4,3,-1,0,1
8124,-8052.0,-34.95702,1.0984723692017464,1.3646639708719563,0.3797757963881102,5,6,2,-1,3,4
9204,-8.04851,-34.950720000000004,0.5803468112519441,0.824075834963151,1.092536525294218,2,4,5,-2,-3,-1
6810,-8.05642,-34.95071,1.4447633508451547,0.7716122849918627,0.8018236906164581,6,3,3,3,3,0
8330,-8.051680000000001,-34.94944,0.956115061701749,0.5423420371791019,1.0157195092635367,4,2,4,2,0,-2
7302,-8.05524,-34.95922,1.5304523203866989,1.624532175159978,0.1457702237950722,7,7,1,0,6,6
9188,-8.04854,-34.95073,0.5833001600055243,0.8230239793367548,1.0894519904178908,2,4,5,-2,-3,-1
8208,-8.0519,-34.94763,1.0543304026369709,0.3439503089047113,1.193566890902898,5,1,5,4,0,-4
7160,-8.05547,-34.95369,1.3456395734092397,1.0341845508007206,0.4643577897587732,6,4,2,2,4,2
8444,-8.0514,-34.95095,0.8901134829504537,0.7113688090702528,0.8802551956300486,4,3,4,1,0,-1
8069,-8.05213,-34.9475,1.083505015928201,0.322861032291801,1.1994394423377388,5,1,5,4,0,-4
9357,-8.04808,-34.94758,0.7092236027830902,0.6210796111889424,1.391116015215672,3,3,6,0,-3,-3
6719,-8.05805,-34.94643,1.7305952446122477,0.6026790932065283,1.2998665415901596,7,3,6,4,1,-3
9520,-8.04702,-34.9539,0.4498719077661415,1.206713142332478,1.018349598220585,2,5,4,-3,-2,1
7628,-8.053939999999999,-34.94827,1.233983276411897,0.41325486714490295,1.0724169330858928,5,2,5,3,0,-3
7539,-8.05435,-34.95598,1.2859645469579497,1.2568827359227448,0.23727528814414445,5,5,1,0,4,4
7180,-8.05545,-34.95558,1.3877605144769152,1.2352589587046372,0.2561336259001736,6,5,1,1,5,4
9072,-8.048860000000001,-34.95298,0.6112636648943245,1.0184874874072147,0.8969722235757311,3,4,4,-1,-1,0
8383,-8.05155,-34.949940000000005,0.9273759486509626,0.5993002713938804,0.971449512857562,4,3,4,1,0,-1
8433,-8.05143,-34.95061,0.8990271018727667,0.6741637490158019,0.911488208092055,4,3,4,1,0,-1
6637,-8.05925,-34.947140000000005,1.8308648190906456,0.7541661038204872,1.2631834980878698,8,3,5,5,3,-2
7877,-8.052660000000001,-34.9461,1.2113057637515017,0.15944917865536876,1.3335528242218522,5,1,6,4,-1,-5
7037,-8.05561,-34.95411,1.368081523833401,1.0829574578929255,0.41899473006751004,6,5,2,1,4,3
8376,-8.05157,-34.94997,0.9287183756699476,0.6019647349610664,0.9675135160145386,4,3,4,1,0,-1
8138,-8.05199,-34.94717,1.0871079654835618,0.29279081625574666,1.2387670521971144,5,1,5,4,0,-4
9496,-8.04717,-34.950590000000005,0.4429022418057699,0.90870354263793,1.2090175181956841,2,4,5,-2,-3,-1
8073,-8.05211,-34.95677,1.0955084081015771,1.3363393202957612,0.376230440332774,5,6,2,-1,3,4
9479,-8.047260000000001,-34.953959999999995,0.4764865042486566,1.1982887537688045,0.9915752962723676,2,5,4,-3,-2,1
6645,-8.05917,-34.94745,1.812655531176376,0.7590503976498911,1.2280599735354072,8,3,5,5,3,-2
8100,-8.05204,-34.953309999999995,0.9642121155602053,0.9567887335693932,0.6225567835438588,4,4,3,0,1,1
7440,-8.05464,-34.959379999999996,1.4837725865353872,1.6327567416001578,0.17963822242861113,6,7,1,-1,5,6
8029,-8.05219,-34.9476,1.0844340950859668,0.33190594758666025,1.186956317327661,5,1,5,4,0,-4
8857,-8.04978,-34.95309,0.713578992125615,0.9896079795320024,0.8102581327700851,3,4,3,-1,0,1
9324,-8.048160000000001,-34.959340000000005,0.9640783316176332,1.6993686608223302,0.8076199120373851,4,7,3,-3,1,4
7451,-8.05462,-34.94965,1.2654721117165044,0.5811197052035862,0.9126742265865988,5,2,4,3,1,-2
7552,-8.0543,-34.95412,1.2257670233819522,1.053052237471869,0.4316646172332354,5,5,2,0,3,3
7795,-8.05305,-34.94877,1.1229769401250762,0.4520649363352505,1.0372290713075805,5,2,4,3,1,-2
7632,-8.05392,-34.94924,1.20045007201028,0.5162503170367352,0.9670550405777448,5,2,4,3,1,-2
9064,-8.0489,-34.9473,0.7973257602659809,0.5278663968403041,1.3672477878768607,3,2,6,1,-3,-4
8404,-8.0515,-34.9477,1.0115419715577536,0.3674746134816636,1.201089195905637,4,2,5,2,-1,-3
9119,-8.04866,-34.9506,0.5997189430835741,0.8036429762192846,1.0908871638940238,3,3,5,0,-2,-2
8708,-8.050460000000001,-34.95402,0.8098098465101154,1.064894089573578,0.6868918996023288,3,5,3,-2,0,2
7613,-8054.0,-34.953540000000004,1.1823557121844273,0.9851881249660552,0.5022799333804817,5,4,2,1,3,2
8450,-8.05138,-34.95058,0.8941516652643293,0.6723058457112953,0.9170196215846962,4,3,4,1,0,-1
8512,-8.0512,-34.95061,0.8739729139785609,0.6807045732457456,0.9237668491120408,4,3,4,1,0,-1
7854,-8.05278,-34.955529999999996,1.1058953178756248,1.196928792255143,0.3836145270063793,5,5,2,0,3,3
9386,-8.047939999999999,-34.95069,0.5203327533722936,0.8600881357359894,1.1392165064256974,2,4,5,-2,-3,-1
8563,-8.05101,-34.95503,0.9034310210528524,1.1605323249188044,0.5720972056577164,4,5,2,-1,2,3
7307,-8.05523,-34.95189,1.3061956306893228,0.8366619448562691,0.6625473641681895,6,4,3,2,3,1
8741,-8.05038,-34.95375,0.7935517867873471,1.0384529192217218,0.7125681559907804,3,4,3,-1,0,1
9127,-8.048639999999999,-34.950759999999995,0.593271832584955,0.8193147782000632,1.0794562045117506,3,4,5,-1,-2,-1
8854,-8.04979,-34.94748,0.8628798549472644,0.4618981418613552,1.301269789724,4,2,6,2,-2,-4
9451,-8.04739,-34.947590000000005,0.6550502153329648,0.688085400957439,1.4355242746310266,3,3,6,0,-3,-3
9109,-8.0487,-34.9505,0.6069049036947634,0.7921099821034165,1.0960832984152773,3,3,5,0,-2,-2
9053,-8.04895,-34.94735,0.7979857455582854,0.5263237412938696,1.3596673022693595,3,2,6,1,-3,-4
8263,-8.051810000000001,-34.95326,0.9382379217427604,0.9541538395918628,0.642095336147082,4,4,3,0,1,1
7762,-8.053289999999999,-34.955690000000004,1.1649028434250532,1.2153082809584048,0.33128281447933244,5,5,1,0,4,4
6733,-8.0577,-34.95234,1.5797563157076255,0.9987015845285032,0.6670016618760636,7,4,3,3,4,1
7360,-8.05513,-34.95787,1.4477242216598714,1.4757412019083798,0.021271863519498502,6,6,0,0,6,6
8698,-8.05048,-34.95424000000001,0.8189194020992687,1.0878326873048096,0.6702927843199069,3,5,3,-2,0,2
8038,-8.05216,-34.9481,1.05789722599499,0.3863941780590385,1.1353686951773228,5,2,5,3,0,-3
9659,-8.04643,-34.947109999999995,0.6335395027939924,0.7633223219556912,1.543145519571565,3,3,7,0,-4,-4
6926,-8.05588,-34.95828,1.5421281921081798,1.5360091682357817,0.07476828533800238,7,7,0,0,7,7
7725,-8.05345,-34.95347,1.1210507920274353,0.9717699578232492,0.5303034094544924,5,4,2,1,3,2
9590,-8.04648,-34.94545,0.7973927522915957,0.7140890215322123,1.6849937030184718,3,3,7,0,-4,-4
7991,-8.05223,-34.94808,1.0658673776708634,0.3826866886217868,1.1351116279935594,5,2,5,3,0,-3
6920,-8.0559,-34.95837,1.5485780247305936,1.5461732771448031,0.082454051706565,7,7,0,0,7,7
8995,-8.04921,-34.95625,0.793425377544245,1.3395617844151928,0.6997905906452913,3,6,3,-3,0,3
8295,-8.05175,-34.95525,0.9884693141978396,1.172800957322063,0.4911367639220876,4,5,2,-1,2,3
7592,-8.05413,-34.957409999999996,1.32613309646839,1.4107765928369225,0.14226141760084235,6,6,1,0,5,5
9665,-8.04642,-34.953140000000005,0.354788186091397,1.176140588677295,1.1154186150983874,2,5,5,-3,-3,0
9125,-8.04865,-34.94696,0.8020084041867447,0.5324474881286807,1.4136407759495742,3,2,6,1,-3,-4
7300,-8.05525,-34.95163,1.3089868124695905,0.8101664005292359,0.6911753128537184,6,3,3,3,3,0
6707,-8.05833,-34.94638,1.7615127021004462,0.6304121655708292,1.3127364730175997,8,3,6,5,2,-3
7236,-8.05537,-34.95088,1.3273765865309577,0.7372209266041504,0.7738228856729851,6,3,3,3,3,0
7898,-8.05255,-34.948479999999996,1.0817259662478895,0.4214332335842672,1.0826041279118783,5,2,5,3,0,-3
7078,-8.05556,-34955.0,1.3827607738072505,1.1761150301807899,0.3207622907858231,6,5,1,1,5,4
7699,-8.05358,-34.949059999999996,1.1694563710433232,0.4896674164239499,0.9932412306754722,5,2,4,3,1,-2
9654,-8.04643,-34.949709999999996,0.4177787060329249,0.9048978293475884,1.3348004743453483,2,4,6,-2,-4,-2
7657,-8.05377,-34.94826,1.2166455340785067,0.4073000980111525,1.0763421505948112,5,2,5,3,0,-3
8605,-8.05079,-34.953179999999996,0.8254059756603686,0.9661614003463828,0.7222834056710365,4,4,3,0,1,1
7800,-8.052999999999999,-34.94876,1.1180854309894923,0.4507804031918691,1.0396495896437348,5,2,4,3,1,-2
7892,-8.052589999999999,-34.95548,1.084288843276328,1.1918177101636975,0.4028865151145369,5,5,2,0,3,3
9494,-8.04717,-34.95394,0.4666222280382433,1.2016161187911991,1.0014918421199441,2,5,4,-3,-2,1
7755,-8.05335,-34.94893,1.1491751707841549,0.4721040630459222,1.0124709980646884,5,2,4,3,1,-2
7839,-8.05284,-34.95384,1.0613743067603294,1.0105949349218917,0.5248908214221855,5,4,2,1,3,2
9039,-8.04901,-34.94702,0.8267745773520405,0.5011237244979563,1.3875576575039492,4,2,6,2,-2,-4
8474,-8.05131,-34.95175,0.8730377910638243,0.7995315892530827,0.8100880312867362,4,3,3,1,1,0
6616,-8.05955,-34.94617,1.8961365321915629,0.7548512863034447,1.3750031918630428,8,3,6,5,2,-3
9128,-8.048639999999999,-34.95071,0.5945658496567509,0.814806613765379,1.0834812069621056,3,3,5,0,-2,-2
9666,-8.04642,-34.95304,0.3510352657045868,1.1674116157902117,1.120646030201807,2,5,5,-3,-3,0
6732,-8.05772,-34.95225,1.581763680872378,0.991509529111689,0.6769925324509098,7,4,3,3,4,1
8235,-8.051860000000001,-34.95323,0.9432261289722654,0.9501942217050566,0.6414182100610949,4,4,3,0,1,1
9629,-8.046439999999999,-34.95361,0.3782226619806106,1.2163667837007073,1.0900122730937205,2,5,5,-3,-3,0
9226,-8.04847,-34.95207,0.5585632599837906,0.9507706784433438,0.9934355181975484,2,4,4,-2,-2,0
8834,-8.04988,-34.95369,0.7383381952882393,1.048309134904499,0.7598221694211924,3,4,3,-1,0,1
9537,-8.04691,-34.9506,0.4156878977018962,0.929725733786508,1.2298831102456238,2,4,5,-2,-3,-1
7614,-8.053980000000001,-34.95407,1.189975407619427,1.042921543074547,0.4474314508457924,5,4,2,1,3,2
8965,-8.049339999999999,-34.95304,0.6646892298015681,1.0024819604905373,0.8511123698896703,3,4,4,-1,-1,0
8664,-8.05055,-34.953590000000005,0.8077927441355215,1.0165202885458584,0.709936336031193,3,4,3,-1,0,1
7184,-8.055439999999999,-34.959140000000005,1.5448770426467933,1.6195326469429172,0.13732596333510022,7,7,1,0,6,6
8752,-8.05032,-34.953140000000005,0.7733900046120836,0.9757382196238228,0.7622907196509955,3,4,3,-1,0,1
6921,-8.0559,-34.95821,1.5406612566425837,1.5289550343390856,0.07267954387556981,7,7,0,0,7,7
8858,-8.04977,-34.954679999999996,0.7618897436581585,1.1558824602692743,0.7090425223598432,3,5,3,-2,0,2
8619,-8.05073,-34.959720000000004,1.1737845434704963,1.6758446257920458,0.5458400462158258,5,7,2,-2,3,5
6842,-8.056280000000001,-34.95068,1.4296886553394734,0.7610157096992325,0.8028987753385325,6,3,3,3,3,0
7168,-8.05546,-34.95602,1.403372764713951,1.2827611857513597,0.20780693436411665,6,5,1,1,5,4
7529,-8.05438,-34.95639,1.3051569629978643,1.3021306879272614,0.1962439719971789,6,6,1,0,5,5
7667,-8.05372,-34.94829,1.210322966795196,0.4092362069431862,1.0739749537439252,5,2,5,3,0,-3
8101,-8.05204,-34.95037,0.9701218614493752,0.6350817703292764,0.9058307967663156,4,3,4,1,0,-1
7258,-8.05535,-34.95028,1.3329634456891009,0.6753850855983833,0.8399467202501483,6,3,4,3,2,-1
8658,-8.05057,-34.95316,0.80103315711014,0.970171131726846,0.7409211395949887,3,4,3,-1,0,1
9320,-8.048169999999999,-34.95905,0.9380303940149776,1.6686370013804044,0.8008578837358409,4,7,3,-3,1,4
8126,-8052.0,-34.951809999999995,0.9491451347296362,0.7929485895548883,0.7651505631518409,4,3,3,1,1,0
7182,-8.05545,-34.950720000000004,1.3379309912753254,0.724292734617825,0.7915701698077257,6,3,3,3,3,0
9160,-8.04857,-34.95112,0.5777708090662554,0.8564166497869393,1.0563314172677336,2,4,5,-2,-3,-1
9562,-8.04669,-34.94514,0.8382164236089611,0.6876333556683565,1.6997902610810154,4,3,7,1,-3,-4
8341,-8.05166,-34.94781,1.0216693873365328,0.3716870849304174,1.183578315169472,4,2,5,2,-1,-3
8781,-8.05015,-34.95312,0.7544808247210705,0.979283430221792,0.7775297953652159,3,4,3,-1,0,1
6910,-8.05594,-34.95817,1.5426767516401143,1.5256239117219936,0.07474985818231134,7,7,0,0,7,7
8170,-8.05195,-34.94768,1.0567572798566194,0.3474851759565629,1.1865922196192789,5,1,5,4,0,-4
7851,-8.05279,-34.95975,1.3430150099560672,1.6620703090994309,0.3462328640956627,6,7,1,-1,5,6
9557,-8.04672,-34.94514,0.8396532355100689,0.6843248698899661,1.6979294246720669,4,3,7,1,-3,-4
9552,-8.04675,-34.95382,0.4193832695389082,1.2157129362926788,1.0490964413015629,2,5,4,-3,-2,1
7978,-8.05224,-34.94761,1.0888924742856083,0.3317358370523511,1.1842995815354282,5,1,5,4,0,-4
7498,-8.05445,-34.95616,1.3032145975510918,1.2780079043762207,0.21457941630097707,6,5,1,1,5,4
7283,-8.05529,-34.95128,1.3151720040499837,0.7752465771626659,0.7297193954427041,6,3,3,3,3,0
7653,-8.0538,-34.95583,1.2231563161022707,1.2340449287383224,0.28341247258640506,5,5,1,0,4,4
9377,-8048.0,-34.94765,0.6974935380721626,0.6326435179318054,1.3899481051449734,3,3,6,0,-3,-3
8154,-8.051969999999999,-34.9474,1.072968742736296,0.31745284630781706,1.2152566999163932,5,1,5,4,0,-4
7087,-8.05555,-34.95632,1.423538949104238,1.3172153123869716,0.17600858805462274,6,6,1,0,5,5
9054,-8.04894,-34.957190000000004,0.8366566647319357,1.4473555073006346,0.7099299294853396,4,6,3,-2,1,3
6664,-8.05875,-34.948879999999996,1.7299673136872835,0.7969771316684697,1.0641648306673102,7,3,5,4,2,-2
7256,-8.05535,-34.95084,1.3255923139200456,0.7323054889271021,0.7782193537289598,6,3,3,3,3,0
6839,-8.0563,-34.9565,1.5083717139234782,1.3572326461470745,0.18857795730361368,6,6,1,0,5,5
7597,-8.054110000000001,-34.95953,1.4445487998863682,1.6433290066962811,0.22403200813241594,6,7,1,-1,5,6
8452,-8.05137,-34.958529999999996,1.136301008564681,1.5367788484415796,0.44233961798671795,5,7,2,-2,3,5
6995,-8.05565,-34.95492,1.3903597081849224,1.170138175368011,0.3305017306479683,6,5,1,1,5,4
7253,-8.05536,-34.950759999999995,1.3275720557795845,0.7245420209670005,0.7870429736933107,6,3,3,3,3,0
8711,-8.050460000000001,-34.95389,0.8059874311383408,1.0510343432587357,0.6959045818137349,3,4,3,-1,0,1
8399,-8.05151,-34.950309999999995,0.9139098337037126,0.6399386648327176,0.9367579456845662,4,3,4,1,0,-1
7612,-8.05401,-34.949290000000005,1.2087074627377894,0.523891027549609,0.9600625899733668,5,2,4,3,1,-2
7945,-8.05233,-34.94685,1.1372344799646183,0.24793893898312755,1.2621184281954438,5,1,5,4,0,-4
9560,-8.0467,-34.94514,0.8386941760121589,0.6865305170005407,1.699169488859975,4,3,7,1,-3,-4
8026,-8.05219,-34.9478,1.0747548698944698,0.3533810903301654,1.1658866662898149,5,2,5,3,0,-3
8086,-8.05208,-34.94961,0.9933346785562284,0.5516340071319022,0.9815426477280668,4,2,4,2,0,-2
6648,-8.05913,-34.94758,1.8044830975077293,0.7609291728514962,1.2130857331366591,8,3,5,5,3,-2
6868,-8.05618,-34.95066,1.4189147227475871,0.7536970681822966,0.8037003947743158,6,3,3,3,3,0
7408,-8.05487,-34.9578,1.4185650057018302,1.463558023619747,0.05097431152316698,6,6,0,0,6,6
7343,-8.05517,-34.946529999999996,1.4325739240850763,0.3248526754167748,1.253406614549177,6,1,5,5,1,-4
8382,-8.05155,-34.950140000000005,0.922225543707386,0.6206853660422746,0.9515846142385336,4,3,4,1,0,-1
6904,-8.05598,-34.955040000000004,1.4289339792139548,1.1928512898866124,0.3235929902154641,6,5,1,1,5,4
7606,-8.05406,-34.94934,1.212722138640317,0.5305692371088541,0.9537909937074562,5,2,4,3,1,-2
9661,-8.04642,-34.95347,0.3692427915315846,1.2052129733095402,1.098776449308662,2,5,5,-3,-3,0
6931,-8.05585,-34.95851,1.5507319752920812,1.5600772641278082,0.08920171040112476,7,7,0,0,7,7
9553,-8.04675,-34.94515,0.8401097944479972,0.6811008624415947,1.695159031521193,4,3,7,1,-3,-4
8609,-8.05078,-34.94762,0.9464037595500072,0.40006528025742427,1.2394145938122991,4,2,5,2,-1,-3
9556,-8.04672,-34.950590000000005,0.3966838092521897,0.9440270968249351,1.2465628347446704,2,4,5,-2,-3,-1
7979,-8.05224,-34.94753,1.0928399999187437,0.3231326988364144,1.1927479434744364,5,1,5,4,0,-4
9628,-8.04645,-34.946290000000005,0.7130677288193072,0.7342296741019164,1.6124933672199988,3,3,7,0,-4,-4
7148,-8.055480000000001,-34.9557,1.394752212567178,1.2488947091605134,0.2431471294614644,6,5,1,1,5,4
7737,-8.053410000000001,-34.94878,1.1604683630700914,0.4564579489570838,1.0272389518926306,5,2,4,3,1,-2
7826,-8.05286,-34.9465,1.207290764904866,0.20152598791724485,1.2857223060167835,5,1,5,4,0,-4
9413,-8.04773,-34.95067,0.4987052354612109,0.8733844888236062,1.1574868331380566,2,4,5,-2,-3,-1
9076,-8.04885,-34.95752,0.8549181471369481,1.4850399679436217,0.7167814809747879,4,6,3,-2,1,3
7197,-8.05543,-34.95053,1.3381058068246279,0.7041779265374982,0.8124740809767401,6,3,3,3,3,0
7715,-8.053519999999999,-34.94865,1.1764756981713316,0.44399190166558017,1.0388667697246257,5,2,4,3,1,-2
8916,-8.049539999999999,-34.9598,1.094248051643056,1.7082143473076188,0.6726794876056529,5,7,3,-2,2,4
8271,-8.0518,-34.94773,1.0394672274801806,0.35798842794143004,1.1866994042738597,4,2,5,2,-1,-3
6967,-8.055719999999999,-34959.0,1.5639318418182182,1.6100702911634075,0.12906928529776898,7,7,1,0,6,6
7456,-8.05459,-34.95773,1.3874619955399785,1.451595085687145,0.08288128095066631,6,6,0,0,6,6
9233,-8.04846,-34.95278,0.5639962752921418,1.0192233224779372,0.9455829020863092,2,4,4,-2,-2,0
9432,-8.04756,-34.94535,0.8642829344648777,0.5941957053079286,1.6279708302346982,4,3,7,1,-3,-4
7076,-8.05556,-34.95513,1.386257625352644,1.1899911858237109,0.3064840463844879,6,5,1,1,5,4
8554,-8.05105,-34.94766,0.9700238265949508,0.3871592553969637,1.2235520320185234,4,2,5,2,-1,-3
8005,-8.05222,-34.956559999999996,1.095382950643666,1.31249715647517,0.373312024869044,5,6,2,-1,3,4
7162,-8.05546,-34.95797,1.4853133500774964,1.4931239164118282,0.017299528692127673,6,6,0,0,6,6
6638,-8.05925,-34.94617,1.8649553595029975,0.7225124634695648,1.3640719570412734,8,3,6,5,2,-3
8339,-8.05166,-34.94952,0.9514307326336744,0.5514335077081861,1.0085152148246743,4,2,4,2,0,-2
8798,-8.05005,-34.95473,0.7926013018987629,1.15232032858128,0.6795606117552926,3,5,3,-2,0,2
7881,-8.05264,-34.953379999999996,1.0309795315177293,0.9602728143687956,0.5797313753543758,4,4,2,0,2,2
8883,-8.049660000000001,-34.95963,1.0879556563735409,1.687066117518347,0.6543762238915319,5,7,3,-2,2,4
7814,-8.0529,-34.95388,1.0687347413125394,1.0149894950389928,0.5176748865304686,5,4,2,1,3,2
8562,-8.05101,-34.959509999999995,1.1789561425157566,1.648744924040267,0.5086339620607022,5,7,2,-2,3,5
7263,-8.05533,-34.9592,1.5378240182139404,1.6239801525168165,0.14330115026280088,7,7,1,0,6,6
8267,-8.051810000000001,-34.947829999999996,1.0355134456409674,0.3680258432596062,1.1759265132110948,4,2,5,2,-1,-3
6753,-8.05713,-34.95415,1.5346812848168112,1.1451574778614348,0.4592758983835543,7,5,2,2,5,3
8909,-8.04955,-34.9532,0.6907375705805999,1.0100094967656983,0.8219644568915279,3,4,4,-1,-1,0
8729,-8.050410000000001,-34.95485,0.8344617037629132,1.1549548223875403,0.6386763406428714,4,5,3,-1,1,2
8980,-8.04928,-34.95303,0.6579627943469695,1.004087920869287,0.8569690185308225,3,4,4,-1,-1,0
6867,-8.05618,-34.95081,1.4172889010242202,0.7682184101202175,0.7872847785406445,6,3,3,3,3,0
6817,-8.0564,-34.9507,1.4426712582103194,0.7695435572088968,0.8025810807606357,6,3,3,3,3,0
8600,-8.05083,-34.953179999999996,0.8297748353783582,0.9651074787393482,0.7192219199799048,4,4,3,0,1,1
8775,-8.050180000000001,-34.953720000000004,0.7712952497116969,1.0414160650997089,0.7317435056135977,3,4,3,-1,0,1
7941,-8.05233,-34.9554,1.0542755084897577,1.1841585804371493,0.4304540085566108,5,5,2,0,3,3
8878,-8.04969,-34.959559999999996,1.0841208287452804,1.6788231865023002,0.6489854620839247,5,7,3,-2,2,4
8803,-8.05004,-34.94762,0.8770081728716579,0.4527105860453777,1.2747684693327097,4,2,5,2,-1,-3
6832,-8.05633,-34.956520000000005,1.512230367786359,1.3602747258821035,0.1887228384676677,6,6,1,0,5,5
7406,-8.054889999999999,-34.94652,1.4050176305796922,0.3007004754897947,1.2553006850611217,6,1,5,5,1,-4
7676,-8.05368,-34.94831,1.2054145432321783,0.4104204628612908,1.0725398738720897,5,2,5,3,0,-3
7202,-8.05542,-34.95588,1.39436534705044,1.2667329176478133,0.2229357817749226,6,5,1,1,5,4
7662,-8.05374,-34.9535,1.153265630717043,0.9776310829084806,0.5155242995503257,5,4,2,1,3,2
7511,-8.05443,-34.95622,1.303489937326327,1.2842662173852954,0.20971797837133455,6,5,1,1,5,4
6797,-8.05649,-34.95624,1.5191712949123417,1.3358371188804687,0.22410922906526068,6,6,1,0,5,5
8762,-8.05026,-34.95313,0.7666633171494187,0.9766395595068588,0.7678724151140267,3,4,3,-1,0,1
9533,-8.04696,-34.950590000000005,0.42123298976197693,0.925022527481278,1.2264303807804935,2,4,5,-2,-3,-1
9366,-8.048060000000001,-34.94758,0.7076178873299312,0.6229752154105853,1.3923903771829864,3,3,6,0,-3,-3
7465,-8.05456,-34.94961,1.2598921995770411,0.5747917895682229,0.9176516190552966,5,2,4,3,1,-2
8298,-8.05175,-34.94897,0.9799408665144086,0.4902543723215926,1.0605760734787462,4,2,5,2,-1,-3
8428,-8.05144,-34.94621,1.0927384789917487,0.23336236241561545,1.358147772033686,5,1,6,4,-1,-5
8495,-8.05125,-34.950590000000005,0.8798043928049519,0.6770827105269471,0.9229757518864512,4,3,4,1,0,-1
7495,-8.05446,-34.95374,1.2359532529020438,1.014524239735591,0.4683107786056249,5,4,2,1,3,2
7104,-8.055530000000001,-34.95536,1.3895859338637089,1.213764759984144,0.2809416413699901,6,5,1,1,5,4
8715,-8.05045,-34.95414,0.8124879660557077,1.07797495560052,0.6796109823951028,3,5,3,-2,0,2
7068,-8.05557,-34.95487,1.3804804342996642,1.1625313510239894,0.3351343536159672,6,5,1,1,5,4
9030,-8.04905,-34.950359999999996,0.6483679264743002,0.7572791211126478,1.0824184105114276,3,3,5,0,-2,-2
7878,-8.05265,-34.95593,1.1089194919486924,1.241242615282729,0.366539857686828,5,5,2,0,3,3
8277,-8.051789999999999,-34.94854,1.0011812188458156,0.4433829750466045,1.1031350846195795,4,2,5,2,-1,-3
9651,-8.04643,-34.95012,0.3921283339631567,0.9333160265596332,1.3046586108197122,2,4,6,-2,-4,-2
8467,-8.05133,-34.95512,0.9399899699084034,1.1645265565899914,0.5372427872836171,4,5,2,-1,2,3
8615,-8.05075,-34.95317,0.8208637945580363,0.9661656606293488,0.7261499999686056,4,4,3,0,1,1
7683,-8.05365,-34.948409999999996,1.1986074540041158,0.4205215225294873,1.0622493089271696,5,2,5,3,0,-3
8755,-8.0503,-34.954809999999995,0.8215314014671873,1.1536327348312851,0.6513463771166386,4,5,3,-1,1,2
9643,-8.04643,-34.9512,0.34437628559615885,1.0140197458532252,1.2296823931601029,1,4,5,-3,-4,-1
8329,-8.051680000000001,-34.95326,0.9240212936033928,0.9560602228891996,0.6508883731332783,4,4,3,0,1,1
8340,-8.05166,-34.949290000000005,0.9590228352662388,0.5269014527190187,1.0317863485849093,4,2,4,2,0,-2
7812,-8.05292,-34.95389,1.0711186209158032,1.016096574843689,0.51558945721456,5,4,2,1,3,2
6804,-8.05645,-34.95068,1.4483936284137926,0.7704519694054149,0.8056004153036462,6,3,3,3,3,0
8389,-8.05154,-34.95003,0.9239217789945016,0.6091878527328094,0.9629781762204626,4,3,4,1,0,-1
9465,-8.04733,-34.95064,0.4576793568280516,0.9004930209646961,1.192176518744553,2,4,5,-2,-3,-1
8981,-8.04927,-34.95602,0.784190139178614,1.3133920026451225,0.7004625203747127,3,6,3,-3,0,3
8127,-8052.0,-34.95172,0.949415853778757,0.7831056635934626,0.7738688928727478,4,3,3,1,1,0
9478,-8.04727,-34.95063,0.451782179680898,0.9042364423316944,1.1978405574348905,2,4,5,-2,-3,-1
7462,-8.05456,-34.95937,1.4757741380187244,1.6306365669502352,0.18253911855662905,6,7,1,-1,5,6
9337,-8.04814,-34.94712,0.7495754485470089,0.5905825712958566,1.4291793892003517,3,3,6,0,-3,-3
8419,-8.05146,-34.9477,1.0076360056093192,0.36934714628913595,1.2026524411829005,4,2,5,2,-1,-3
8985,-8.04925,-34.9504,0.6684614923130937,0.7488134585049409,1.0649564491868766,3,3,5,0,-2,-2
9167,-8.04856,-34.95856,0.9198074222330772,1.6040219794248531,0.7511607452012956,4,7,3,-3,1,4
8378,-8.05157,-34.947720000000004,1.0173633780354203,0.3663246989078413,1.1963198014930474,4,2,5,2,-1,-3
8110,-8.052019999999999,-34.95139,0.9534998042334848,0.7467442757284671,0.8050688106032513,4,3,3,1,1,0
9295,-8.04825,-34.94695,0.7715078185962143,0.5713071283260072,1.438146609196794,3,2,6,1,-3,-4
8955,-8.049389999999999,-34.95561,0.7709032540854217,1.266303611398301,0.7027356562738659,3,5,3,-2,0,2
6863,-8.056189999999999,-34.9508,1.4184924842902862,0.7677728889821961,0.7885131802531515,6,3,3,3,3,0
6685,-8.058580000000001,-34.9494,1.7009546902576065,0.8170771052724066,1.0039139229984138,7,3,4,4,3,-1
8067,-8.05213,-34.9486,1.033631054153551,0.4410630531016815,1.0841383869401977,4,2,5,2,-1,-3
6630,-8.05931,-34.946979999999996,1.842431132845054,0.7542286651736559,1.2820262389788235,8,3,5,5,3,-2
9436,-8.04751,-34.95402,0.5041724955194238,1.189880012800228,0.9638423124845006,2,5,4,-3,-2,1
9068,-8.048869999999999,-34.95971,1.0419219787738443,1.7162198716928057,0.7407204284258891,4,7,3,-3,1,4
6794,-8.056519999999999,-34.9551,1.4885606745217108,1.2175544380013332,0.33596335621821033,6,5,1,1,5,4
9534,-8.04695,-34.945190000000004,0.8461244177274456,0.6594173154634987,1.679210762779248,4,3,7,1,-3,-4
7303,-8.05524,-34.953590000000005,1.3189421385539346,1.016796956849176,0.4751667118054384,6,4,2,2,4,2
7666,-8.05372,-34.94913,1.1822530840703074,0.4999007293284317,0.9827668310540186,5,2,4,3,1,-2
7390,-8.055010000000001,-34.956179999999996,1.3621062550370082,1.289998783075287,0.19266785900477676,6,6,1,0,5,5
9511,-8.04707,-34.95391,0.4552818791734712,1.2046787579925775,1.012888689605306,2,5,4,-3,-2,1
7713,-8.053519999999999,-34.95967,1.4009090853151822,1.6546813126164457,0.27873977049195064,6,7,1,-1,5,6
8416,-8.05146,-34.95046,0.905251042277868,0.6573163445142851,0.924561092412952,4,3,4,1,0,-1
7267,-8.05533,-34.95023,1.3315704499122911,0.6694496223341344,0.8454523297596476,6,3,4,3,2,-1
6932,-8.05585,-34.95641,1.458125970170731,1.3346350033406509,0.17438652305692615,6,6,1,0,5,5
7095,-8.055539999999999,-34.95524,1.3871876029115056,1.2011992916620573,0.2942151912730941,6,5,1,1,5,4
9491,-8.0472,-34.95063,0.4444933148025721,0.9095753320736863,1.2036058036128032,2,4,5,-2,-3,-1
8018,-8.05222,-34.94787,1.0744580654006362,0.3602165157917321,1.157533780146947,5,2,5,3,0,-3
7608,-8.05405,-34.94932,1.21218440978583,0.5281617789660811,0.956133814940596,5,2,4,3,1,-2
7289,-8.05528,-34.95013,1.3277671402122946,0.6571332378746321,0.8564859209344162,6,3,4,3,2,-1
9434,-8.04755,-34.9476,0.6662373459826871,0.6730211836376834,1.4239029879590244,3,3,6,0,-3,-3
7879,-8.05265,-34.95337,1.0319115069876623,0.9591397262431096,0.5801152346989707,4,4,2,0,2,2
9374,-8.04802,-34.94762,0.7013738208568633,0.6290390278478774,1.3913528257650654,3,3,6,0,-3,-3
8159,-8.051960000000001,-34.95254,0.9463640319314114,0.8733606404107347,0.6979717847627479,4,4,3,0,1,1
7293,-8.05527,-34.95146,1.3119142556976169,0.7931808685049508,0.7098923001022572,6,3,3,3,3,0
8922,-8.04953,-34.95329,0.6905411818646205,1.0200530521259803,0.8174794343634144,3,4,3,-1,0,1
9158,-8.048580000000001,-34.94703,0.7910799421379876,0.5429295450233684,1.411138557907964,3,2,6,1,-3,-4
7659,-8.05376,-34.95404,1.1654625406476002,1.0370975198110803,0.4591315442832425,5,4,2,1,3,2
7151,-8.055480000000001,-34.953720000000004,1.3471963048461328,1.0376681946163413,0.4610941784832355,6,4,2,2,4,2
7249,-8.05536,-34.9537,1.3337466397364368,1.0319573695197288,0.4629802773256129,6,4,2,2,4,2
8591,-8.050880000000001,-34.959759999999996,1.1884412095899688,1.6779303021197611,0.5321299950749323,5,7,2,-2,3,5
7000,-8.05565,-34.95382,1.367386809566418,1.0535597747855472,0.4512100414380198,6,5,2,1,4,3
7290,-8.05527,-34.95919,1.5315734109719266,1.6218031229886651,0.1423020928115923,7,7,1,0,6,6
7696,-8.05359,-34.95577,1.1990770441568412,1.225767929088942,0.3028737968347273,5,5,1,0,4,4
7524,-8.0544,-34.956340000000004,1.3051812494172923,1.2969466760150987,0.19980429929194096,6,6,1,0,5,5
7775,-8.053189999999999,-34.953959999999995,1.1019114739326372,1.0243443275873014,0.4940752451386148,5,4,2,1,3,2
9270,-8.04838,-34.95906,0.9521325606792536,1.662568823461689,0.7781145616176555,4,7,3,-3,1,4
8743,-8.05038,-34.950509999999994,0.7870759860623632,0.7008397673153481,0.9808432692975748,3,3,4,0,-1,-1
8870,-8.04974,-34.95308,0.7090327902068283,0.9901223931849862,0.8143272835281732,3,4,3,-1,0,1
9630,-8.046439999999999,-34.9493,0.447365798271105,0.8769876332775458,1.3649769165781158,2,4,6,-2,-4,-2
7441,-8.05464,-34.95935,1.4819621142012414,1.6294732398037042,0.17664053420502132,6,7,1,-1,5,6
6739,-8.05752,-34.95288,1.5624184678084332,1.0396087873337772,0.60447584947058,7,4,3,3,4,1
6891,-8.05607,-34.95065,1.4069319844374912,0.7469272549207666,0.8034481148467026,6,3,3,3,3,0
9008,-8.04914,-34.95301,0.6423313838300818,1.0083346948259673,0.8704558579416544,3,4,4,-1,-1,0
8045,-8.05215,-34.95669,1.0952012887234974,1.3272593146931848,0.3751032112174711,5,6,2,-1,3,4
7116,-8.05552,-34.955040000000004,1.3795301050850814,1.1792846006918098,0.3160280945531321,6,5,1,1,5,4
7802,-8.05299,-34.9539,1.0789269752145034,1.0172534827198114,0.5106949813241286,5,4,2,1,3,2
7724,-8.053460000000001,-34954.0,1.1320583453808422,1.0301463365100916,0.4765741152958564,5,4,2,1,3,2
8989,-8.04924,-34.947520000000004,0.8112839767400594,0.5113788810012606,1.3271397130082978,3,2,6,1,-3,-4
8923,-8.04953,-34.953070000000004,0.6859580289394009,0.9975081167476166,0.8327705054918977,3,4,4,-1,-1,0
6976,-8.0557,-34955.0,1.3977998206211404,1.1800975046171838,0.3224129428814317,6,5,1,1,5,4
8394,-8.05152,-34.95023,0.9168286600328254,0.6311118582038282,0.9441492639214036,4,3,4,1,0,-1
7549,-8.054310000000001,-34.95666,1.3093574223809044,1.3307227855097006,0.17652105911263394,6,6,1,0,5,5
7617,-8.05397,-34.94826,1.237478846068414,0.4131440883212274,1.0730412879511375,5,2,5,3,0,-3
8102,-8.05204,-34.95028,0.9720081666939346,0.6252721579849013,0.9149297741861802,4,3,4,1,0,-1
7111,-8.05552,-34.95555,1.3942526335274203,1.2338423381596746,0.2599792798487647,6,5,1,1,5,4
9459,-8.047360000000001,-34.95398,0.4873530144103759,1.19447243379311,0.9806715135090962,2,5,4,-3,-2,1
7326,-8.0552,-34.952290000000005,1.3032135846805488,0.8777255378359388,0.6185236591254011,6,4,3,2,3,1
7992,-8.05223,-34.94806,1.0667630304973967,0.3805228131249924,1.1372141134646614,5,2,5,3,0,-3
9192,-8.04853,-34.95077,0.5811821670070241,0.8272496217052061,1.0870213353876923,2,4,5,-2,-3,-1
6948,-8.0558,-34.955020000000005,1.4090671038128977,1.1851795771431186,0.3218655259332347,6,5,1,1,5,4
9213,-8.0485,-34.94697,0.7893529079656152,0.5476232606726922,1.4214337407491844,3,2,6,1,-3,-4
8815,-8.04999,-34.95371,0.7506669858968393,1.0466077981818744,0.7488643070652972,3,4,3,-1,0,1
6807,-8.05643,-34.95069,1.4460824258092235,0.7702730591696642,0.8041708814747951,6,3,3,3,3,0
7153,-8.05547,-34.95625,1.4126264255979517,1.307736502252842,0.18263179378752628,6,6,1,0,5,5
9584,-8.046489999999999,-34.94512,0.8309251496817579,0.7095353236667423,1.7141198191162226,4,3,7,1,-3,-4
6624,-8.05942,-34.94613,1.8841259515487896,0.7398584198166551,1.3743398358536778,8,3,6,5,2,-3
7624,-8.05395,-34.94826,1.2353935029724668,0.41251004539823977,1.0733513191099004,5,2,5,3,0,-3
8311,-8.05172,-34.94917,0.9695056138816508,0.5124179172428979,1.0414112802789437,4,2,4,2,0,-2
7694,-8.0536,-34.95964,1.4059906383730638,1.6517741804366386,0.2701333609794845,6,7,1,-1,5,6
7146,-8.055480000000001,-34.95588,1.4006827167755298,1.2682151136696374,0.22336330673220728,6,5,1,1,5,4
7177,-8.05545,-34.955690000000004,1.3912570273774227,1.2470644204502783,0.2440285735317398,6,5,1,1,5,4
7776,-8.053180000000001,-34.948859999999996,1.1335532963720325,0.4627518187037302,1.024188473394067,5,2,4,3,1,-2
7710,-8.05353,-34.95401,1.1398665914546662,1.0317486601594736,0.4722829632913604,5,4,2,1,3,2
8134,-8.05199,-34.94763,1.0631941324600154,0.34091232763394924,1.190449919023861,5,1,5,4,0,-4
6684,-8.0586,-34.94937,1.7036946162813331,0.8166810335931229,1.0077948882087622,7,3,4,4,3,-1
8620,-8.05072,-34.95494,0.8699668342421171,1.156998972322583,0.6043803113183823,4,5,3,-1,1,2
8719,-8.05045,-34.950520000000004,0.7944218138812993,0.6988261632579303,0.9756328313437009,3,3,4,0,-1,-1
7301,-8.05525,-34.95009,1.3251829459900684,0.6517631739322699,0.8609184719053732,6,3,4,3,2,-1
8931,-8.0495,-34.95362,0.6957316335173686,1.0551867981800056,0.7980520316509343,3,5,3,-2,0,2
7097,-8.055539999999999,-34.95487,1.3772510624152343,1.1616898981303632,0.3348769611755525,6,5,1,1,5,4
9271,-8.04837,-34.95071,0.5656165941921765,0.8323899616470533,1.104058439697862,2,4,5,-2,-3,-1
9147,-8.0486,-34.95094,0.5846817257388051,0.8381401186388349,1.068149746384609,2,4,5,-2,-3,-1
9393,-8.0479,-34.94761,0.6925774413187586,0.6398806454405217,1.3999886153025027,3,3,6,0,-3,-3
8077,-8.05211,-34.94587,1.1748452267497749,0.15773405001098445,1.3727526569325659,5,1,6,4,-1,-5
9355,-8.04808,-34.9476,0.707710891720734,0.6222202981280848,1.3893138225435908,3,3,6,0,-3,-3
9083,-8.04882,-34.945640000000004,0.9209596856792012,0.4625999823785609,1.5307158780608012,4,2,7,2,-3,-5
9244,-8.04844,-34.95275,0.5613137270657621,1.0173929711366956,0.9493323031673908,2,4,4,-2,-2,0
8465,-8.05134,-34.95863,1.1407659792086045,1.5481000324351166,0.4474669435471061,5,7,2,-2,3,5
9232,-8.04846,-34.95884,0.9376482136266232,1.6367812514121076,0.7657317908584276,4,7,3,-3,1,4
6874,-8.05615,-34.95082,1.413883460390687,0.7676254697952498,0.7857961170480935,6,3,3,3,3,0
8777,-8.05017,-34.95478,0.8069716325840827,1.1540937130252409,0.6653472926201431,3,5,3,-2,0,2
9181,-8.04854,-34.95964,1.0148306586869056,1.7186262432253778,0.7739824534739987,4,7,3,-3,1,4
8839,-8.04986,-34.94749,0.8685806558807689,0.456929900946895,1.2966735190003102,4,2,6,2,-2,-4
6811,-8.05642,-34.9507,1.4448722576403201,0.7706617020982174,0.8029132290823391,6,3,3,3,3,0
9648,-8.04643,-34.950520000000004,0.3707206528755047,0.96227865958362,1.2761085771480516,2,4,5,-2,-3,-1
9672,-8.04642,-34.95237,0.3342854909266804,1.1099809940460266,1.1577699313064926,1,5,5,-4,-4,0
9506,-8.04711,-34.953920000000004,0.4597152680103807,1.2032545703427258,1.008425441066631,2,5,4,-3,-2,1
7421,-8.054780000000001,-34.949729999999995,1.2810462666547373,0.5954324252443987,0.902544482863988,5,3,4,2,1,-1
7915,-8.05247,-34.94845,1.0746714804904516,0.4190280179132929,1.088305801359092,5,2,5,3,0,-3
8501,-8.05123,-34.952259999999995,0.8642304131250879,0.8563310143126902,0.7688364439353735,4,4,3,0,1,1
7505,-8.05444,-34.95601,1.2964492265166414,1.2614761645715515,0.2299439656622141,6,5,1,1,5,4
7025,-8.05562,-34.95405,1.3680634178574933,1.0769151209384171,0.4256740960709215,6,5,2,1,4,3
8466,-8.05134,-34.95323,0.8863519907102587,0.9587908844548548,0.6773026258913661,4,4,3,0,1,1
9410,-8.04777,-34.95409,0.5334102045571396,1.1825324823048224,0.934667640160622,2,5,4,-3,-2,1
8217,-8.05188,-34.94808,1.0306018649919635,0.3919164816232695,1.147359789058653,4,2,5,2,-1,-3
6917,-8.05592,-34.95813,1.5387504133437635,1.5208353254550948,0.07103581748147286,7,6,0,1,7,6
7233,-8.05537,-34.95621,1.4007305655302005,1.3010577658522358,0.18636799468164267,6,6,1,0,5,5
9592,-8.04648,-34.94514,0.8284610781355866,0.7107952084351976,1.7129394623384762,4,3,7,1,-3,-4
6763,-8.05688,-34.955009999999994,1.5251504147909556,1.2219995324355892,0.3622797916311414,7,5,2,2,5,3
8813,-8.04999,-34.95953,1.1031466222303803,1.6688974808278116,0.6162513459756581,5,7,3,-2,2,4
8243,-8.05185,-34.94786,1.0380213086272678,0.3697553049994522,1.1713486571676952,4,2,5,2,-1,-3
7886,-8.052610000000001,-34.959759999999996,1.3284243537722724,1.6634244407247878,0.3631318435845372,6,7,2,-1,4,5
8039,-8.05216,-34.94808,1.0587950306622098,0.3842385324858966,1.1374664330691435,5,2,5,3,0,-3
7190,-8.055439999999999,-34.95368,1.3422011877577382,1.0322136923523364,0.4653529490159943,6,4,2,2,4,2
7847,-8.0528,-34.95572,1.11549380557871,1.2178511307734932,0.3679922293813912,5,5,2,0,3,3
6953,-8.055769999999999,-34.95885,1.5606777693365381,1.5949496646667258,0.11594182067103033,7,7,0,0,7,7
6843,-8.05627,-34.95704,1.5258895418364382,1.413627744749138,0.1415106351856668,7,6,1,1,6,5
9623,-8.04645,-34.94784,0.5679567271028881,0.7932403415014939,1.480545786704002,2,3,6,-1,-4,-3
7642,-8.05386,-34.94827,1.2256447281113816,0.4108564312233951,1.0737119234497314,5,2,5,3,0,-3
9662,-8.04642,-34.95339,0.3654587664926671,1.1981284879941332,1.1027237938874888,2,5,5,-3,-3,0
6905,-8.05598,-34.9508,1.395370190782517,0.7570085886073133,0.7860174120399749,6,3,3,3,3,0
8676,-8.05052,-34.95393,0.8135413733142539,1.0536271080165351,0.687979191260536,3,5,3,-2,0,2
8822,-8.04994,-34.95472,0.7809364800549098,1.154638350737904,0.6905819291056523,3,5,3,-2,0,2
8317,-8.05171,-34.94773,1.0306023803675557,0.3614618000963707,1.1900019751379454,4,2,5,2,-1,-3
7342,-8.05517,-34.95251,1.3007190141311378,0.9000183579795135,0.5943625977566597,6,4,3,2,3,1
7142,-8.055489999999999,-34.955729999999996,1.396779713266564,1.2523671024493446,0.23993329522941906,6,5,1,1,5,4
7409,-8.05487,-34.956109999999995,1.344926987256683,1.2796719709245046,0.2034887654383006,6,5,1,1,5,4
6850,-8.056239999999999,-34.955059999999996,1.4574113287333958,1.2035022342332762,0.3291685393341198,6,5,1,1,5,4
9114,-8.048680000000001,-34.95055,0.6032933919625021,0.7978752152642149,1.0934721909229663,3,3,5,0,-2,-2
6937,-8.05584,-34.95063,1.3818793792471304,0.7333177040432587,0.8034207211857467,6,3,3,3,3,0
8885,-8.049660000000001,-34.95462,0.7481127332912662,1.1532821508824984,0.7228849572035461,3,5,3,-2,0,2
7871,-8.05268,-34.94655,1.1873194358648145,0.20830895233037086,1.2847139780143604,5,1,5,4,0,-4
7187,-8.055439999999999,-34.955659999999995,1.3892354838866208,1.2435928791371584,0.24726793404547706,6,5,1,1,5,4
9448,-8.047410000000001,-34.94757,0.6581689003931704,0.6851000814753201,1.4359215450591198,3,3,6,0,-3,-3
7216,-8.0554,-34.9561,1.3999000614913353,1.289917542534352,0.19860822414772664,6,6,1,0,5,5
9437,-8.04751,-34.947590000000005,0.6640188290345905,0.6763815941385577,1.427454633782704,3,3,6,0,-3,-3
8447,-8.05139,-34.95513,0.946569970562457,1.164652903022251,0.5311713912257218,4,5,2,-1,2,3
8880,-8.04968,-34.94758,0.8465847145317363,0.4783147922804344,1.2973558466254678,4,2,6,2,-2,-4
6752,-8.05717,-34.95404,1.537231765913759,1.135942652914814,0.4721186185125089,7,5,2,2,5,3
6911,-8.05594,-34.950790000000005,1.391071590545664,0.7540358490440561,0.7867170608467925,6,3,3,3,3,0
7100,-8.055539999999999,-34.953759999999996,1.3543908939571707,1.04375048463459,0.4569935147639878,6,4,2,2,4,2
8503,-8.051219999999999,-34.95509000000001,0.9274590316617016,1.1631261083761888,0.5491377472101435,4,5,2,-1,2,3
7708,-8.05354,-34.9486,1.1803145078335664,0.4389064417545154,1.0438571676271238,5,2,4,3,1,-2
7061,-8.05558,-34.9538,1.359405812987137,1.049228697658673,0.4528500440485309,6,4,2,2,4,2
8357,-8.05161,-34.95519,0.971641700182087,1.1680012812772098,0.5075325162942215,4,5,2,-1,2,3
9179,-8.04855,-34.95078,0.5830780585793099,0.8268595613203954,1.0846966065473034,2,4,5,-2,-3,-1
7527,-8.05439,-34.95636,1.304962645173661,1.298991241414387,0.19848103536905806,6,6,1,0,5,5
7129,-8.05551,-34.95507,1.379264923436496,1.1822180340018722,0.3126531655467848,6,5,1,1,5,4
8510,-8.0512,-34.9532,0.8705453806205505,0.9584364200662604,0.6899455990571379,4,4,3,0,1,1
9027,-8.04906,-34953.0,0.6334267158461383,1.0110050371452584,0.8780978114103367,3,4,4,-1,-1,0
9066,-8.04888,-34.95742,0.8494633702076612,1.4735294653505382,0.7142012167271434,4,6,3,-2,1,3
7014,-8.05563,-34.95412,1.3704488288281915,1.0846322870012848,0.4180712578248579,6,5,2,1,4,3
7493,-8.05446,-34.95608,1.3011756404205277,1.2694216713377544,0.2220205648934891,6,5,1,1,5,4
8688,-8.050510000000001,-34.94597,1.0279431737384226,0.29959184658846605,1.4185551759868829,4,1,6,3,-2,-5
7158,-8.05547,-34.95545,1.3858807487293765,1.221829760583245,0.270568516397259,6,5,1,1,5,4
6860,-8.0562,-34.95728,1.528557846876451,1.437166576085858,0.11892279790671413,7,6,1,1,6,5
7453,-8.05461,-34.946509999999996,1.3776071165690689,0.2779075726294461,1.2579554087161815,6,1,5,5,1,-4
8595,-8.05086,-34.94763,0.953466788213706,0.39587718701678143,1.2348460220869186,4,2,5,2,-1,-3
6849,-8.05625,-34.95507,1.4587426053828982,1.2048916541619992,0.3284650474900783,6,5,1,1,5,4
6857,-8.05621,-34.9565,1.4989752728834598,1.354500725563211,0.18303849529621796,6,6,1,0,5,5
7215,-8.0554,-34.95613,1.4009711548581232,1.2931471159761851,0.19530471181419246,6,6,1,0,5,5
9099,-8.048739999999999,-34.95045,0.6126766785848975,0.7850520923893407,1.097252042776909,3,3,5,0,-2,-2
9227,-8.04847,-34.95197,0.5585197507631385,0.9413333120064008,1.000601376564958,2,4,4,-2,-2,0
7185,-8.055439999999999,-34.95615,1.4058714498859528,1.2962555981110937,0.1933556262859331,6,6,1,0,5,5
9195,-8.04852,-34.95149,0.5668344473216969,0.8935346763410358,1.0319035298117678,2,4,4,-2,-2,0
7845,-8.05282,-34.95555,1.1108120858021682,1.1990964790934038,0.37887627956576975,5,5,2,0,3,3
9164,-8.04857,-34.95086,0.5832672921904523,0.8327847794469466,1.0767985989919568,2,4,5,-2,-3,-1
7638,-8.053889999999999,-34.94827,1.228770849220778,0.411735202092698,1.073217937442878,5,2,5,3,0,-3
7335,-8.05518,-34.95339,1.3096035539520663,0.9937877834846351,0.4973711080251254,6,4,2,2,4,2
9541,-8.04686,-34.95385,0.4316583312527553,1.2117192526612606,1.0366901793690124,2,5,4,-3,-2,1
9169,-8.04856,-34.95112,0.5766805774017933,0.8570341381860548,1.0571133102698225,2,4,5,-2,-3,-1
8925,-8.04952,-34.94744,0.8413042259186941,0.4816711391788909,1.3194200829631109,4,2,6,2,-2,-4
7145,-8.055489999999999,-34.95528,1.3829910925152666,1.204143255628087,0.2894096303798102,6,5,1,1,5,4
7501,-8.05445,-34.953790000000005,1.2357287520707685,1.019767112485126,0.4631440791000916,5,4,2,1,3,2
7620,-8.05396,-34.94825,1.2368040929354247,0.41176979772005146,1.0742871619553536,5,2,5,3,0,-3
8068,-8.05213,-34.94853,1.0364537851703544,0.43349091364585735,1.0914373026758937,4,2,5,2,-1,-3
9576,-8.0466,-34.94512,0.8359698518589818,0.6973997742790804,1.7072180107125972,4,3,7,1,-3,-4
8557,-8.051039999999999,-34.9532,0.8530597193543319,0.9620439872619916,0.7017579049069254,4,4,3,0,1,1
6668,-8.058689999999999,-34.94907,1.719407702560951,0.8040415485049764,1.0422327476454534,7,3,4,4,3,-1
7709,-8.05353,-34.95576,1.192471198985616,1.224266364897843,0.3079523596855997,5,5,1,0,4,4
9354,-8.04808,-34.95068,0.5355237036847516,0.8494569550287366,1.1289517008618526,2,4,5,-2,-3,-1
8130,-8052.0,-34.94755,1.068200835589346,0.3321587866150602,1.198499425344549,5,1,5,4,0,-4
7882,-8.05263,-34.94639,1.191609683647728,0.19154420865940786,1.3031466144150683,5,1,6,4,-1,-5
8261,-8.05182,-34.94617,1.1296212894482112,0.20314905362783947,1.3496830462188991,5,1,6,4,-1,-5
8216,-8.05188,-34.95319,0.9447928763970098,0.9455531260211609,0.6436522278004148,4,4,3,0,1,1
8533,-8.05113,-34.95312,0.8615866054585499,0.9513427816572771,0.7016800631855202,4,4,3,0,1,1
7510,-8.05443,-34.95623,1.3038837175024758,1.2853587775165565,0.2087452866804536,6,5,1,1,5,4
8423,-8.05145,-34.9505,0.9033472850888122,0.6618620931882103,0.9211656969405526,4,3,4,1,0,-1
8183,-8.05193,-34.955290000000005,1.008625920384109,1.1752189730409497,0.4725835682835425,4,5,2,-1,2,3
7680,-8.05366,-34.94836,1.2014807897013988,0.4153480938800563,1.0674864452101869,5,2,5,3,0,-3
9587,-8.04648,-34.945679999999996,0.7745109983582623,0.7175753385247726,1.6644098955881688,3,3,7,0,-4,-4
7317,-8.05522,-34.95004,1.3227963152343285,0.6453848432191784,0.8664656993794112,6,3,4,3,2,-1
9108,-8.0487,-34.95436,0.6392726416526767,1.1641120553121118,0.8296401540734324,3,5,4,-2,-1,1
7542,-8.05434,-34.95412,1.2301100148514872,1.0537163712607474,0.4305296799664812,5,5,2,0,3,3
7721,-8.05348,-34.95574000000001,1.1865199197842324,1.2217577435934794,0.3132085701734169,5,5,1,0,4,4
6764,-8.05685,-34.95511,1.5243532467783218,1.231100827830087,0.35101489170041583,7,5,2,2,5,3
7618,-8.05396,-34.94927,1.203899152182627,0.520464147834679,0.9630901446715708,5,2,4,3,1,-2
8088,-8.05207,-34.95686,1.096442424911976,1.3465301789081496,0.3772757500123613,5,6,2,-1,3,4
7860,-8.05273,-34.95582,1.112423323770115,1.2289608648812476,0.3669024897697941,5,5,2,0,3,3
8406,-8.05149,-34.95045,0.9087168884705166,0.6554547801162459,0.924013287330277,4,3,4,1,0,-1
8573,-8.05096,-34.959740000000004,1.1930228023342628,1.6745942742409303,0.5231177911675843,5,7,2,-2,3,5
6947,-8.0558,-34.958729999999996,1.5572375947626538,1.5826621818716986,0.10577553540063601,7,7,0,0,7,7
7818,-8.05287,-34.95977,1.3512499715529669,1.6642394002249563,0.3404528590658422,6,7,1,-1,5,6
9425,-8.04764,-34.945370000000004,0.8671436029798183,0.585704865883809,1.6214455322857886,4,3,7,1,-3,-4
9021,-8.0491,-34.94748,0.8017876183968135,0.521056398065561,1.3388323601159018,3,2,6,1,-3,-4
7118,-8.05552,-34.95498,1.377938495967583,1.1728763439160252,0.32262590793621004,6,5,1,1,5,4
6935,-8.05584,-34.95844,1.5461939068107138,1.5523010869523164,0.08276724676652537,7,7,0,0,7,7
7789,-8.05309,-34.953920000000004,1.0902041571734309,1.0196377626440778,0.503281788504599,5,4,2,1,3,2
7716,-8.0535,-34.949009999999994,1.1625083578134738,0.4829088122566271,1.000391494049493,5,2,4,3,1,-2
7870,-8.05268,-34.953379999999996,1.0353551601717488,0.9601555749923368,0.5774821052797585,4,4,2,0,2,2
7584,-8.05417,-34.95724000000001,1.3217903211587123,1.3925703100566025,0.14652246300482988,6,6,1,0,5,5
6713,-8.05819,-34.94641,1.7458569813927929,0.6166719795671671,1.3056880734718408,7,3,6,4,1,-3
9184,-8.04854,-34.95134,0.5709061920381451,0.8784598076249823,1.0417012953423084,2,4,4,-2,-2,0
7989,-8.05223,-34.94813,1.063644937580876,0.3880983819880696,1.1298571169452676,5,2,5,3,0,-3
6655,-8.05898,-34.94808,1.7742941603432059,0.7712078869806666,1.1556468828399025,8,3,5,5,3,-2
7577,-8.05419,-34.95717,1.3204316973174859,1.3851222992948162,0.1486381604639796,6,6,1,0,5,5
7692,-8.05361,-34.94907,1.1723405109439289,0.4912831049874999,0.9915216321614287,5,2,4,3,1,-2
7069,-8.05557,-34.95483,1.379476670072397,1.1582684635844005,0.3395286510947502,6,5,1,1,5,4
7193,-8.05543,-34.95581,1.3930724334593554,1.2594548593220156,0.2306982582998412,6,5,1,1,5,4
7594,-8.05412,-34.95746,1.3276347892151918,1.4161553883277418,0.14129987026645607,6,6,1,0,5,5
7938,-8.05236,-34.945840000000004,1.1994379029718472,0.14146295490235164,1.3690736962090335,5,1,6,4,-1,-5
7231,-8.05538,-34.95037,1.3348761866415113,0.6858023363465654,0.8300461085963293,6,3,4,3,2,-1
8202,-8.051910000000001,-34.947559999999996,1.0588586512269085,0.33628654069338265,1.200539818905573,5,1,5,4,0,-4
9412,-8.04774,-34.947590000000005,0.6816012248135377,0.6541166310701794,1.4122075662379046,3,3,6,0,-3,-3
8796,-8.05007,-34.95474,0.7950661298505821,1.1527805034736522,0.6770967363028086,3,5,3,-2,0,2
8644,-8.05061,-34.953179999999996,0.8057535319697122,0.9711393027745382,0.7362315196990528,3,4,3,-1,0,1
8140,-8.05198,-34.95707,1.0993537463884842,1.37032184161876,0.3805522721669689,5,6,2,-1,3,4
6968,-8.055719999999999,-34.95892,1.559599902766464,1.601421137557816,0.1208229802282946,7,7,1,0,6,6
8293,-8.05175,-34.95983,1.2624098635844057,1.6756040775731804,0.4484954404666736,5,7,2,-2,3,5
7011,-8.05563,-34.95473,1.383501954950756,1.1493477142914326,0.3511017573120218,6,5,2,1,4,3
6691,-8.058530000000001,-34.94956,1.6926122704641036,0.8242449925458001,0.9854688675844686,7,4,4,3,3,0
7977,-8.05224,-34.948209999999996,1.0611554957582798,0.3965608232660669,1.121118491726071,5,2,5,3,0,-3
9588,-8.04648,-34.94555,0.7874255620137482,0.7154965234008892,1.6760281609961565,3,3,7,0,-4,-4
8517,-8.05118,-34.950590000000005,0.872185503691739,0.6791975810710338,0.9267760178226744,4,3,4,1,0,-1
7853,-8.05278,-34.95554,1.1062836482179246,1.1980310258137006,0.38286471871665395,5,5,2,0,3,3
8614,-8.05075,-34.959720000000004,1.175309107434135,1.675530711986971,0.5437835463076318,5,7,2,-2,3,5
8242,-8.05185,-34.948029999999996,1.0299203829498549,0.3876083997693016,1.1536603599419055,4,2,5,2,-1,-3
8390,-8.05153,-34.95984,1.2455297062666155,1.6787086122609534,0.470556727824921,5,7,2,-2,3,5
7811,-8.05292,-34.95558,1.1223279392359442,1.2023827888111431,0.368580414336036,5,5,2,0,3,3
7276,-8.0553,-34.95792,1.4670105652732115,1.4844347872386516,0.003122933754517582,6,6,0,0,6,6
9542,-8.04686,-34.9506,0.4105584277324122,0.9336674992995282,1.2340704204358504,2,4,5,-2,-3,-1
9235,-8.04846,-34.95216,0.5576829577402468,0.9598572768076864,0.9878961289984544,2,4,4,-2,-2,0
7513,-8.05443,-34.95388,1.235170951022789,1.0291777252144876,0.4539191635234375,5,4,2,1,3,2
8413,-8.05147,-34.95049,0.905723854245328,0.6602626173862955,0.9211173335029396,4,3,4,1,0,-1
8065,-8.05213,-34.95674,1.0958688830987924,1.332898015666734,0.375257837252075,5,6,2,-1,3,4
7144,-8.055489999999999,-34.95532,1.3841503285053578,1.2084252990605335,0.28500995428266257,6,5,1,1,5,4
9392,-8.0479,-34.94764,0.6902708953049153,0.641560660838023,1.3973107493754988,3,3,6,0,-3,-3
8531,-8.05114,-34.95288,0.8592941437433043,0.925231258877688,0.7210470951074714,4,4,3,0,1,1
9327,-8.048160000000001,-34.959070000000004,0.9392399430169028,1.6710769824258045,0.8023013521593817,4,7,3,-3,1,4
9292,-8.04826,-34.95074,0.5530104082661321,0.8423758100592547,1.11020915163376,2,4,5,-2,-3,-1
7872,-8.052669999999999,-34.9555,1.0933447893063717,1.1938082285337646,0.3948186930740096,5,5,2,0,3,3
8405,-8.05149,-34.95325,0.9030834638067062,0.9581395574127128,0.6649396386080724,4,4,3,0,1,1
7106,-8.055530000000001,-34.95492,1.3774521452057549,1.166746638204642,0.32930050857354903,6,5,1,1,5,4
8313,-8.05172,-34.94891,0.9791034567262398,0.484741190359045,1.0679498041055886,4,2,5,2,-1,-3
7947,-8.05232,-34.953340000000004,0.9953259547030292,0.9575432582162204,0.6022737247686206,4,4,3,0,1,1
6964,-8.05574,-34.955009999999994,1.4023588582867297,1.1823325231854722,0.32192856692700283,6,5,1,1,5,4
8092,-8.05207,-34.94749,1.0781176285840766,0.3235935576372889,1.2024599426075726,5,1,5,4,0,-4
9464,-8.04733,-34.95397,0.4838930563065517,1.1952293278993906,0.9841357701636648,2,5,4,-3,-2,1
8906,-8.049560000000001,-34.95367,0.7035690696125146,1.0580122769041311,0.7894419239211111,3,5,3,-2,0,2
7394,-8.05498,-34.956140000000005,1.357495840455173,1.2850624339347905,0.19761260841474354,6,5,1,1,5,4
7377,-8.0551,-34.95312,1.297648058816437,0.9627544911985396,0.5274532526689452,6,4,2,2,4,2
6659,-8.05889,-34.946259999999995,1.82416611975575,0.6862751871247401,1.3424281174075032,8,3,6,5,2,-3
7298,-8.05526,-34.95154,1.3104385992520249,0.8011422735003475,0.7010839049406624,6,3,3,3,3,0
7658,-8.05377,-34.94825,1.2170194914801862,0.4062298256686642,1.0774303809479608,5,2,5,3,0,-3
8012,-8.05222,-34.94809,1.0644096502069555,0.3839806951586133,1.1343943076143537,5,2,5,3,0,-3
9564,-8.04668,-34.94514,0.8377398588091597,0.6887362043477886,1.7004115260012107,4,3,7,1,-3,-4
7108,-8.055530000000001,-34.954840000000004,1.3754182623056233,1.1582110245241233,0.3380973883770461,6,5,1,1,5,4
7744,-8.05338,-34.94893,1.1523463427647265,0.4724730972485489,1.0117621736330404,5,2,4,3,1,-2
7358,-8.05514,-34.95281,1.2992572574600587,0.9309162917646796,0.5614155981731884,6,4,2,2,4,2
6728,-8.0578,-34.95197,1.5903747363167005,0.9705732426664664,0.7088651934676127,7,4,3,3,4,1
8933,-8.0495,-34.953509999999994,0.6927185415576439,1.0438616448346416,0.8052794211647185,3,4,3,-1,0,1
7103,-8.055530000000001,-34.95541,1.3910650811757932,1.2191150780564477,0.27544946626365024,6,5,1,1,5,4
9178,-8.04855,-34.951190000000004,0.5743403778148505,0.8640579234689423,1.0524589167379488,2,4,4,-2,-2,0
8766,-8.050239999999999,-34.9548,0.8149711141252683,1.154232137204331,0.6575838462939045,3,5,3,-2,0,2
9223,-8.04848,-34.94556,0.90394113516329,0.4974539768001873,1.5564324388520328,4,2,7,2,-3,-5
7117,-8.05552,-34.95499,1.3782016877230674,1.1739442284410215,0.3215262270379508,6,5,1,1,5,4
7013,-8.05563,-34.95462,1.3809152790869288,1.137656082945126,0.3631708566103948,6,5,2,1,4,3
9462,-8.04735,-34.94757,0.6537384307915185,0.6909772752620162,1.4399739700771843,3,3,6,0,-3,-3
7494,-8.05446,-34.953759999999996,1.23629729052685,1.0166963575325376,0.4661523702420334,5,4,2,1,3,2
7926,-8.05242,-34.9467,1.154150944594418,0.2295084417252149,1.2755432493807566,5,1,5,4,0,-4
6629,-8.059330000000001,-34.9469,1.8472056632972542,0.7533908251415379,1.2910673072488574,8,3,6,5,2,-3
9631,-8.046439999999999,-34.94916,0.4577776816216869,0.8681014844983382,1.3757393209580389,2,4,6,-2,-4,-2
9404,-8.04782,-34.94763,0.6847229218194629,0.6486323754779872,1.4034142599776365,3,3,6,0,-3,-3
8318,-8.0517,-34.95984,1.2591364218748369,1.677128226634776,0.4538894215052482,5,7,2,-2,3,5
7983,-8.05223,-34.95538,1.0431562905693983,1.1825882562394323,0.4403945018146619,4,5,2,-1,2,3
8642,-8.05062,-34.95316,0.8064925342122962,0.9687232787959106,0.7370106667993095,3,4,3,-1,0,1
6941,-8.055819999999999,-34.958079999999995,1.5263939771954278,1.5130529038529097,0.05874982954064595,7,6,0,1,7,6
7327,-8.0552,-34.95225,1.3031128858258707,0.8735082362494248,0.6229317867715551,6,4,3,2,3,1
7693,-8.05361,-34.948479999999996,1.1918983854482148,0.4272380563949863,1.055435449297848,5,2,5,3,0,-3
8153,-8.051969999999999,-34.94746,1.0698590806212886,0.3237246175189997,1.2089595078909985,5,1,5,4,0,-4
7026,-8.05562,-34.95402,1.3675210865513538,1.07374128625832,0.42897096311086935,6,5,2,1,4,3
7538,-8.05435,-34.9565,1.3066309517644832,1.3137473948459657,0.18794479165589872,6,6,1,0,5,5
7278,-8.0553,-34.951190000000004,1.3169113574315645,0.7663170769803459,0.7396357047979483,6,3,3,3,3,0
7482,-8.05448,-34.95369,1.2372966173038094,1.009477496118294,0.4732694928358366,5,4,2,1,3,2
7656,-8.05377,-34.94916,1.1867054985624836,0.5041898747883469,0.978530273327391,5,2,4,3,1,-2
7391,-8.055010000000001,-34.95363,1.2943397455755343,1.014883936233722,0.4719223582622408,6,4,2,2,4,2
9102,-8.04873,-34.95047,0.6110024667651606,0.7874873539306992,1.0963379783823637,3,3,5,0,-2,-2
7072,-8.05557,-34.95469,1.3760689908932555,1.1433570935841135,0.3549115902998326,6,5,2,1,4,3
8652,-8.05058,-34.95324,0.803577871556229,0.9783888850372876,0.7339388480415708,3,4,3,-1,0,1
7042,-8.0556,-34.955040000000004,1.3881144531826062,1.1814978657677582,0.3167703054132232,6,5,1,1,5,4
9193,-8.04852,-34.95431,0.6188529808919067,1.1671600406032419,0.8498122649016667,3,5,4,-2,-1,1
9017,-8.04911,-34.950379999999996,0.6541378700631678,0.7554129514700678,1.0764807714664206,3,3,5,0,-2,-2
7573,-8.0542,-34.95713,1.3195338813917254,1.3808526221678898,0.15015696340002968,6,6,1,0,5,5
6961,-8.05575,-34.958059999999996,1.5184711204088006,1.5092582361293945,0.0507213010322596,6,6,0,0,6,6
8041,-8.05216,-34.94802,1.0615113607878026,0.3777749847239426,1.1437620580014938,5,2,5,3,0,-3
